31 0.13674999999999998 0.4473364484375 0.172828125 0.45633177500000005 0.23293750000000002 0.45633177500000005 0.223921875 0.24733644843749997 0.108203125 0.22936915937500002 0.08715625 0.2248598125 0.0991875 0.47880841093750004 0.12923437499999998 0.47205607499999996 0.13674999999999998 0.4473364484375
0 0.43345312500000005 0.4805373828125 0.43703125 0.4760514015625 0.43912500000000004 0.47070093437500005 0.44003125 0.4621962609375 0.43703125 0.45460280312499995 0.43525 0.4510280375 0.430765625 0.44969626093750004 0.42837500000000006 0.4501401875 0.42239062499999996 0.45684579375 0.42090625 0.46042056093749995 0.420296875 0.4697897203125 0.42209375 0.47292056093749996 0.423296875 0.4724766359375 0.42507812500000003 0.4769626171875 0.426578125 0.47962616875 0.43046875 0.48142523437499996 0.43345312500000005 0.4805373828125
26 0.43271875 0.477313084375 0.433625 0.47635514062500006 0.43531250000000005 0.472102803125 0.43685937499999994 0.46492990624999997 0.43634375 0.4606775703125 0.43375 0.45698598125 0.430640625 0.45448598125000006 0.424828125 0.45563084062500003 0.42184375 0.45932242968750003 0.420296875 0.46261682187500003 0.419125 0.46726635468750005 0.420296875 0.47170560781250004 0.42443749999999997 0.47635514062500006 0.42598437499999997 0.4777102796875 0.42935937500000004 0.4782943921875 0.43271875 0.477313084375
33 0.26128125 0.50257009375 0.268015625 0.5001168218750001 0.267 0.4592056078125 0.12021875 0.453714953125 0.11265624999999999 0.46287383125000003 0.11470312499999999 0.477827103125 0.0240625 0.495841121875 0.025281249999999998 0.5126401875 0.156140625 0.534299065625 0.256375 0.513855140625 0.26128125 0.50257009375
22 0.40015625000000005 0.3427102796875 0.399546875 0.3875934578125 0.40418750000000003 0.3889719625 0.404796875 0.3899065421875 0.40418750000000003 0.3427102796875 0.40015625000000005 0.3427102796875
22 0.392984375 0.3400467296875 0.39242187500000003 0.3414719625 0.39260937500000004 0.3720794390625 0.39242187500000003 0.3883644859375 0.396921875 0.38948598125 0.399 0.38808411249999997 0.399375 0.36140186875 0.3995625 0.3420327109375 0.3973125 0.3375233640625 0.392984375 0.3400467296875
22 0.427796875 0.3387616828125 0.42573437500000005 0.3421495328125 0.42535937500000004 0.3879205609375 0.424234375 0.3907242984375 0.426671875 0.39016355156250004 0.43324999999999997 0.389602803125 0.4323125 0.341285046875 0.43025 0.3387616828125 0.427796875 0.3387616828125
22 0.420296875 0.3376635515625 0.4184375 0.3442523359375 0.41728125 0.391728971875 0.424015625 0.3889719625 0.42517187500000003 0.3355841125 0.420296875 0.3376635515625
22 0.41187500000000005 0.3394392515625 0.41150000000000003 0.379602803125 0.411125 0.38689252343749997 0.41206250000000005 0.38887850468749996 0.413375 0.3894392515625 0.41712499999999997 0.3880373828125 0.41656250000000006 0.3644392515625 0.41637500000000005 0.33999999999999997 0.414125 0.33831775625 0.41187500000000005 0.3394392515625
22 0.405359375 0.3424532703125 0.404796875 0.3902102796875 0.4100625 0.3904906546875 0.4108125 0.38712616875 0.41100000000000003 0.3483644859375 0.41118750000000004 0.3396495328125 0.40818750000000004 0.339088784375 0.405359375 0.3424532703125
7 0.657234375 0.4989953265625 0.642203125 0.49504672968749996 0.625109375 0.4933644859375 0.608390625 0.49392523437499997 0.592796875 0.497313084375 0.58528125 0.5029205609375 0.586421875 0.5046028031249999 0.5973124999999999 0.5079672890625 0.602 0.5239953265625 0.636578125 0.5287616828124999 0.64746875 0.5107943921875 0.6480312500000001 0.5079672890625 0.656671875 0.503200934375 0.657234375 0.4989953265625
7 0.4293125 0.4890654203125 0.42948437500000003 0.48 0.4058125 0.479742990625 0.4058125 0.4813084109375 0.40718750000000004 0.49654205625000003 0.41029687499999995 0.4991355140625 0.426375 0.5001635515625 0.4293125 0.4890654203125
11 0.447765625 0.46876168281249997 0.44584375 0.46911215000000006 0.44390625000000006 0.4716355140625 0.44584375 0.4777803734375 0.451140625 0.4831775703125 0.4533125 0.48714953281250006 0.4533125 0.48859813125 0.454515625 0.47525700937500004 0.454515625 0.4727336453125 0.45162500000000005 0.46983644843750005 0.447765625 0.46876168281249997
11 0.448921875 0.480700934375 0.44349999999999995 0.470443925 0.44106249999999997 0.47450934531250005 0.44020312500000003 0.47941588749999997 0.442640625 0.49161215 0.446203125 0.49565420624999995 0.4490625 0.49161215 0.448921875 0.480700934375
11 0.43754687499999995 0.46186915937500006 0.44349999999999995 0.46813084062500004 0.44084375 0.4607476640625 0.43640625 0.45144859843749996 0.43425 0.44366822499999997 0.43196874999999996 0.4383644859375 0.42778124999999995 0.439883178125 0.426265625 0.4423364484375 0.42575 0.44689252343749997 0.42740625000000004 0.449556075 0.42815624999999996 0.453714953125 0.428796875 0.45315420624999997 0.431453125 0.454672896875 0.43754687499999995 0.46186915937500006