13 0.8511562500000001 0.1686458328125 0.8360468750000001 0.1555 0.8222343750000001 0.1423541671875 0.8071093749999999 0.1344583328125 0.7933125000000001 0.1309583328125 0.769640625 0.1230625 0.751234375 0.1292083328125 0.73678125 0.14497916718749998 0.7249375 0.1738958328125 0.711796875 0.20633333281250002 0.70521875 0.223 0.70390625 0.23439583281249998 0.717703125 0.2448958328125 0.723625 0.2598125 0.727578125 0.26768749999999997 0.733484375 0.27208333281249997 0.741375 0.2834791671875 0.7518906249999999 0.2913541671875 0.7604375 0.29925 0.768328125 0.3045 0.781484375 0.3062708328125 0.79659375 0.30274999999999996 0.8071093749999999 0.30274999999999996 0.8163281250000001 0.301 0.816984375 0.29925 0.84590625 0.2177291671875 0.857734375 0.1984583328125 0.857734375 0.1835416671875 0.8511562500000001 0.1686458328125
13 0.035390624999999995 0.6038125 0.06742187499999999 0.5925625 0.09775 0.6262708328125 0.12303125 0.5746041671875 0.0471875 0.4465 0.0016875000000000002 0.45325 0.0050625 0.7139166671875 0.011796875 0.7273958328125001 0.06742187499999999 0.8172916671875001 0.084265625 0.7746041671875 0.033703125 0.64425 0.035390624999999995 0.6038125
13 0.875125 0.6804583328125 0.88759375 0.7137291671875 0.87659375 0.8252291671875 0.846515625 0.9201041671875 0.86778125 0.9279375 0.885390625 0.80175 0.89565625 0.6697083328125 0.913265625 0.62275 0.952140625 0.522 0.973421875 0.4926666671875 0.9220625 0.494625 0.891265625 0.5259166671875 0.891265625 0.5317916671875 0.8890625 0.5415625000000001 0.885390625 0.5445 0.8780468750000001 0.5425416671875001 0.8428437499999999 0.6031875 0.847234375 0.6442708328125 0.85384375 0.6511250000000001 0.875125 0.6804583328125
34 0.596859375 0.7051041671875 0.60234375 0.6919375 0.608375 0.6809583328125 0.6500468749999999 0.6363749999999999 0.695015625 0.5983541671875 0.687890625 0.5859166671875 0.65553125 0.6181041671874999 0.615515625 0.6612291671875 0.5919375 0.6838958328125 0.585359375 0.6860833328125 0.584796875 0.703625 0.596859375 0.7051041671875
7 0.6211249999999999 0.7553541671875 0.641125 0.6928541671875 0.6382656250000001 0.6516875 0.6096874999999999 0.6897916671875 0.598265625 0.6958958328125 0.59140625 0.6844583328125 0.63084375 0.6440625 0.596546875 0.6227291671875 0.555953125 0.6349166671875001 0.539390625 0.6692291671875 0.543953125 0.7301875 0.56796875 0.7682916671875 0.6211249999999999 0.7553541671875
7 0.532921875 0.7026666671874999 0.5389999999999999 0.6459583328125 0.51403125 0.6351666671875 0.40062499999999995 0.6198541671875 0.387109375 0.6225625 0.35335937500000003 0.7134583328125 0.345265625 0.7458750000000001 0.3526875 0.7575624999999999 0.49917187500000004 0.7881666671875001 0.512 0.804375 0.532921875 0.7026666671874999
7 0.521296875 0.8275833328125 0.501125 0.7917083328125 0.306046875 0.7558333328125 0.252234375 0.9015625 0.272421875 0.9643541671875001 0.47926562500000003 0.9867708328125 0.521296875 0.8275833328125
0 0.339546875 0.533125 0.344984375 0.5443958328125 0.346625 0.5509166671875 0.343359375 0.5559999999999999 0.33464062499999997 0.5654375 0.33137500000000003 0.5716041671875 0.33410937500000004 0.57125 0.3474375 0.5556458328125 0.3550625 0.5578125 0.37384375 0.5465625000000001 0.38309375 0.5356666671875 0.38690625 0.5287708328125 0.38664062499999996 0.5128125 0.38228125 0.499375 0.370859375 0.4859583328125 0.368125 0.4848541671875 0.36540625000000004 0.48522916718750003 0.349078125 0.488125 0.3381875 0.5041041671875 0.33654687499999997 0.5142708328125 0.339546875 0.533125
26 0.385578125 0.49429166718750006 0.3899375 0.4904166671875 0.39284375 0.48072916718750003 0.392484375 0.46668750000000003 0.3903125 0.460875 0.38303125 0.457 0.3725 0.4545833328125 0.361234375 0.4526458328125 0.353609375 0.4526458328125 0.34415625 0.4565208328125 0.337984375 0.4637708328125 0.333625 0.4846041671875 0.338703125 0.4913958328125 0.34525 0.4923541671875 0.356515625 0.4846041671875 0.36778125 0.48654166718749997 0.379046875 0.49429166718750006 0.385578125 0.49429166718750006
26 0.412828125 0.5934166671875001 0.41842187500000005 0.579125 0.42262500000000003 0.5623333328125 0.41889062499999996 0.5380833328125 0.41235937500000003 0.530625 0.400234375 0.528125 0.383453125 0.5275208328125001 0.37459375 0.5399583328124999 0.370859375 0.5679375 0.38298437500000004 0.5977708328125 0.40396875000000004 0.5983958328125001 0.412828125 0.5934166671875001
26 0.43589062500000003 0.4952916671875 0.45667187499999995 0.4959583328125 0.45565625 0.48245833281249995 0.44096875 0.46825 0.43589062500000003 0.45677083281249997 0.41410937499999995 0.458125 0.40396875000000004 0.45541666718749996 0.3918125 0.4608333328125 0.39079687500000004 0.46691666718749997 0.39635937499999996 0.4770416671875 0.41309375 0.4675833328125 0.42525 0.4689375 0.43335937500000005 0.4844791671875 0.43589062500000003 0.4952916671875
11 0.33715625 0.6579166671875 0.33765625 0.6538541671875 0.33765625 0.6471041671875 0.331078125 0.642375 0.317890625 0.6430416671875 0.313328125 0.6504791671875 0.322453125 0.6646666671875 0.331078125 0.667375 0.33664062499999997 0.6633125 0.33715625 0.6579166671875
11 0.274546875 0.6895625 0.300328125 0.6915833328125001 0.336234375 0.6706875 0.355953125 0.657875 0.36859375 0.6470833328125 0.368078125 0.6416875 0.3549375 0.6410208328125 0.33775 0.6349583328125 0.33571875 0.6430416671875 0.338765625 0.6504583328125 0.334203125 0.666625 0.32156250000000003 0.6659583328124999 0.320046875 0.6652916671875 0.31448437500000004 0.6551666671875 0.30134375 0.6565208328125001 0.299328125 0.6693333328125 0.274546875 0.6895625
28 0.9583281250000001 0 0.9513281250000001 0.0145416671875 0.9337031250000001 0.0518125 0.921046875 0.0620208328125 0.90075 0.082875 0.8920937500000001 0.09575 0.882453125 0.1099375 0.8684687500000001 0.12104166718750001 0.8581562500000001 0.1365625 0.8581562500000001 0.145 0.8707968749999999 0.136125 0.876125 0.1418958328125 0.8807812500000001 0.1463333328125 0.887109375 0.1352291671875 0.891765625 0.1312291671875 0.9020781250000001 0.132125 0.91771875 0.1290208328125 0.927375 0.1197083328125 0.95865625 0.082875 0.9772968750000001 0.0762083328125 1 0.043375000000000004 1 0 0.9583281250000001 0
7 0.867015625 0.5688958328125 0.8779375 0.55225 0.8810625 0.5002291671875 0.870921875 0.5002291671875 0.87246875 0.516875 0.85453125 0.5356041671875 0.8350156249999999 0.5376875 0.8342499999999999 0.5075208328125 0.864671875 0.45133333281250004 0.87403125 0.4357291671875 0.8654531249999999 0.42325 0.7031562499999999 0.4211666671875 0.70628125 0.5033541671874999 0.7265625 0.5668124999999999 0.867015625 0.5688958328125
7 0.336671875 0.735 0.351875 0.7204166671875 0.38775 0.6190833328124999 0.37559375 0.5996458328125 0.35734374999999996 0.5858541671874999 0.34215625 0.5826041671875 0.31965625000000003 0.5915208328125 0.260078125 0.6304375 0.23940625 0.6555625 0.23940625 0.6758333328125 0.24426562500000001 0.6815 0.27345312499999996 0.7155625 0.2916875 0.7471666671875 0.300203125 0.7536458328125 0.336671875 0.735
7 0.53996875 0.6433541671875 0.538078125 0.6679999999999999 0.555125 0.632 0.555125 0.608625 0.562703125 0.5208333328125 0.562234375 0.5075624999999999 0.435765625 0.49052083281250003 0.40165625 0.6124166671875 0.40165625 0.6181041671874999 0.466078125 0.6288333328125 0.53996875 0.6433541671875
7 0.5702005203125 0.6410763890625 0.6369153640625 0.6863263890625 0.642765625 0.6785277765625 0.645875 0.6871875000000001 0.644328125 0.6913541671875 0.6556328125 0.6851145828125 0.665390625 0.6830416671874999 0.67084375 0.646625 0.68021875 0.6445416671875 0.6781354171875 0.61956944375 0.6708515625 0.6147152765625 0.6735290171874999 0.6063511890625 0.6770937499999999 0.6070833328125 0.68021875 0.5998125 0.6755312499999999 0.549875 0.6700625 0.5394583328125 0.57096875 0.5301041671875 0.563171875 0.5321875 0.56230555625 0.54316898125 0.555375 0.6310208328125 0.5627877609375 0.6360486109375 0.56765625 0.6310208328125 0.5702005203125 0.6410763890625
7 0.826546875 0.3970625 0.8234375 0.39045833281250003 0.7093281250000001 0.3810833328125 0.70209375 0.3943125 0.699828125 0.4020208328125 0.70065625 0.405875 0.703546875 0.4100208328125 0.704375 0.421875 0.836875 0.42020833281250003 0.8312968749999999 0.4061666671875 0.826546875 0.3970625
0 0.20434375 0.5925833328125 0.222375 0.5952708328125 0.234390625 0.5952708328125 0.25140625 0.5939166671875 0.261421875 0.5658958328125 0.24840625 0.5471874999999999 0.216359375 0.5351666671875 0.19532812500000002 0.5365208328125 0.19432812500000002 0.5471874999999999 0.15528124999999998 0.5485208328125 0.13725 0.5632083328124999 0.121234375 0.5885833328125 0.125234375 0.5979375 0.16729687499999998 0.616625 0.1763125 0.6086041671875 0.187328125 0.5992708328125 0.20434375 0.5925833328125
32 0.607125 0.8057708328125001 0.6318125 0.7767916671874999 0.6318125 0.7702083328125 0.626875 0.7682291671875 0.61453125 0.7721875 0.59478125 0.7800833328125 0.5621875000000001 0.7899583328124999 0.5330468749999999 0.7939166671875 0.5330468749999999 0.8235416671875001 0.606625 0.8406666671874999 0.607125 0.8057708328125001
32 0.65715625 0.8263333328125 0.629671875 0.8263333328125 0.605671875 0.8304583328125 0.597921875 0.8428541671875 0.60721875 0.8598958328125 0.65290625 0.9316458328125 0.6734218750000001 0.9471458328125 0.67690625 0.9290625 0.684265625 0.8335625 0.68465625 0.82325 0.679234375 0.8227291671874999 0.65715625 0.8263333328125
32 0.7834531250000001 0.8832916671875 0.778828125 0.8204791671875 0.768671875 0.8007500000000001 0.762203125 0.7970625 0.757578125 0.7982916671875 0.722484375 0.8155416671875001 0.6809062499999999 0.8303333328125 0.6744375 0.9522708328125 0.677203125 0.9584374999999999 0.74003125 0.9251666671875001 0.76590625 0.8980833328125 0.77421875 0.8906875 0.7834531250000001 0.8832916671875
32 0.65225 0.8240624999999999 0.6770625 0.8214583328125 0.678515625 0.7818958328125001 0.675109375 0.7792916671875 0.632796875 0.778 0.60846875 0.8071875000000001 0.60846875 0.8272916671875 0.608953125 0.8272916671875 0.6318125 0.8266458328124999 0.65225 0.8240624999999999
17 0.8590937500000001 0.42856249999999996 0.8123437499999999 0.3480416671875 0.6642812499999999 0.21818749999999998 0.529875 0.1584375 0.3 0.1844166671875 0.198703125 0.28570833281249997 0.09740625 0.7558541671875 0.08765625 0.8026041671874999 0.187015625 1 0.781171875 0.9973958328125001 0.8512968750000001 0.8779166671875 0.8844218749999999 0.75325 0.878578125 0.6961041671875 0.8415625 0.623375 0.8415625 0.5870208328125 0.8590937500000001 0.42856249999999996
13 0.09390625 0.6131249999999999 0.06804687499999999 0.6006875 0.051546875000000006 0.5968541671875001 0.040765625 0.6006875 0.03790625 0.6035625 0.03575 0.6495 0.078828125 0.7605625 0.100359375 0.6485416671875 0.09390625 0.6131249999999999
28 0.82403125 0.4961041671875 0.83765625 0.5506458328125 0.892203125 0.5428541671875 0.913640625 0.4961041671875 0.9818125 0.45454166718750005 0.9623437499999999 0.6987083328125 0.89415625 0.9610416671875001 0.9038906250000001 0.9870208328125001 0.99740625 0.9870208328125001 0.9915625 0.0909166671875 0.9233750000000001 0.1610416671875 0.9428593749999999 0.32727083281249997 0.948703125 0.3454583328125 0.82403125 0.4961041671875
13 0.4096875 0.0348125 0.36996875 0.0420208328125 0.351328125 0.0508541671875 0.342296875 0.0701041671875 0.33928125 0.1134375 0.3675625 0.1134375 0.368171875 0.0957708328125 0.37478125 0.0845416671875 0.377203125 0.0725208328125 0.382015625 0.0604791671875 0.38742187499999997 0.058875 0.41089062500000006 0.0749166671875 0.42353125 0.07893750000000001 0.43676562499999994 0.0749166671875 0.45481249999999995 0.0725208328125 0.465640625 0.0717083328125 0.46323437500000003 0.0845416671875 0.47045312499999997 0.1102083328125 0.472265625 0.12225 0.479484375 0.12545833281250002 0.486703125 0.13429166718750002 0.486703125 0.1447083328125 0.50475 0.13429166718750002 0.49753125000000004 0.0564583328125 0.48490625 0.0420208328125 0.45601562500000004 0.034 0.4096875 0.0348125
13 0.1816875 0.1056875 0.17121875 0.0791666671875 0.17121875 0.0010208328125000002 0.08434375 0.0052083328125 0.087484375 0.1224375 0.0948125 0.135 0.12725 0.135 0.15028125 0.236875 0.159703125 0.236875 0.1398125 0.1154583328125 0.163890625 0.0945208328125 0.191109375 0.1894166671875 0.1816875 0.1056875
13 0.01953125 0.2356458328125 0.051078124999999995 0.3583333328125 0.05765625 0.3583333328125 0.07079687500000001 0.3574583328125 0.08065625 0.3504583328125 0.07145312499999999 0.299625 0.06225000000000001 0.24441666718750002 0.05371875 0.2154791671875 0.04121875 0.2023541671875 0.022171875 0.2041041671875 0.005078125 0.2049791671875 0.003109375 0.2023541671875 0.003109375 0.228625 0.01953125 0.2356458328125
16 0.610328125 0.7725625 0.6231875 0.7603333328125 0.631625 0.7245833328125 0.643375 0.6868958328125 0.643375 0.6599583328125 0.63015625 0.6452708328125001 0.616578125 0.6384166671875 0.5879375 0.6242291671875 0.566265625 0.628625 0.546078125 0.6428333328125 0.537625 0.6565416671875 0.5346875 0.67025 0.53615625 0.6844375 0.543875 0.7098958328125 0.548640625 0.7431875 0.567734375 0.7740416671875 0.610328125 0.7725625
32 0.521953125 0.8149583328125001 0.511734375 0.8376875 0.511734375 0.9058333328125 0.518546875 0.9126666671875 0.53046875 0.92175 0.5407031250000001 0.9194791671875 0.54240625 0.9126666671875 0.552625 0.8217708328125 0.535578125 0.8217708328125 0.533875 0.8149583328125001 0.521953125 0.8149583328125001
32 0.609046875 0.48295833281249995 0.6105 0.4933333328125 0.609046875 0.5024166671875 0.608546875 0.5063125 0.615375 0.5115208328125 0.616828125 0.518 0.626578125 0.5238541671875 0.631921875 0.5335833328125 0.633875 0.5400833328125 0.6665 0.5394375 0.67915625 0.5368333328125 0.680625 0.5232083328125 0.67721875 0.5037291671874999 0.6777031250000001 0.4907291671875 0.676234375 0.47127083281250004 0.6640625 0.46216666718750005 0.65384375 0.460875 0.643609375 0.4563333328125 0.639234375 0.45568749999999997 0.6343593750000001 0.45891666718749996 0.633390625 0.45891666718749996 0.6314375 0.45958333281249997 0.61878125 0.4569791671875 0.614390625 0.45891666718749996 0.608546875 0.4667083328125 0.609046875 0.48295833281249995
32 0.745140625 0.794125 0.73609375 0.794125 0.73503125 0.7778125 0.68025 0.7813541671875 0.67759375 0.8210625 0.6919531250000001 0.8274583328125 0.748328125 0.8005000000000001 0.745140625 0.794125
32 0.55215625 0.9366666671875 0.554390625 0.9092083328125 0.562734375 0.8683958328125 0.566640625 0.8312916671874999 0.56440625 0.8216458328125 0.557734375 0.8216458328125 0.546046875 0.8275833328125 0.542140625 0.8617291671875 0.53603125 0.9069791671875 0.546046875 0.9285 0.55215625 0.9366666671875
32 0.622390625 0.9393333328125 0.649796875 0.9586666671874999 0.6788125 0.9586666671874999 0.676390625 0.9511458328125 0.665921875 0.9457708328125 0.6425468750000001 0.9199791671875 0.624 0.8888125 0.610296875 0.8683958328125 0.599015625 0.8404583328124999 0.5683906249999999 0.834 0.553875 0.9275 0.555484375 0.9350208328124999 0.5788593750000001 0.9479166671874999 0.622390625 0.9393333328125
26 0.35929687499999996 0.5545416671875001 0.364734375 0.5473125 0.371140625 0.5466458328125 0.374109375 0.5427083328125 0.38003125 0.5334791671875 0.3835 0.5295416671875001 0.38596875 0.5242708328125001 0.38596875 0.5176875 0.38596875 0.5091249999999999 0.383984375 0.5025416671875 0.38103125000000004 0.4966041671875 0.378546875 0.49331250000000004 0.368671875 0.48804166718750003 0.3578125 0.48541666718750004 0.352375 0.48804166718750003 0.34053125 0.4952916671875 0.33559375 0.5058333328125 0.3385625 0.5301875 0.3435 0.5380833328125 0.349421875 0.55125 0.351890625 0.555875 0.353375 0.555875 0.35929687499999996 0.5545416671875001