19 0.9722031250000001 0.256870415625 0.97084375 0.2865770171875 0.9586406249999999 0.28867970625 0.9864375000000001 0.3226405875 0.9674531249999999 0.30777506093749996 0.95390625 0.3099022 0.9898281250000001 0.354449878125 0.9688125 0.334303178125 0.947125 0.33217603906250004 0.97153125 0.36188264062500003 0.9057812500000001 0.326870415625 0.904421875 0.33112469375 0.935609375 0.36188264062500003 0.996875 0.3882885078125 0.998640625 0.2876283625 0.983046875 0.2664303171875 0.9722031250000001 0.256870415625
0 0.28646875 0.20422982812499998 0.283875 0.2245476765625 0.284734375 0.25229828906249996 0.2899375 0.27735941249999996 0.29859375 0.295647921875 0.337984375 0.28753056250000003 0.348796875 0.29227383906250004 0.37 0.2753300734375 0.39078124999999997 0.28144254218750003 0.403765625 0.28821515937500003 0.41285937500000003 0.26315403437499996 0.424109375 0.23334963281249999 0.41804687500000004 0.1852567234375 0.412421875 0.1696821515625 0.40031249999999996 0.1629095359375 0.33234375 0.1541075796875 0.30465624999999996 0.1683129578125 0.293828125 0.18119804374999998 0.28646875 0.20422982812499998
11 0.57684375 0.17506112499999998 0.600546875 0.18122249375 0.6045 0.20596577031250002 0.592640625 0.21985329999999997 0.58278125 0.26621026875 0.600546875 0.26621026875 0.65090625 0.23068459687499998 0.651890625 0.21985329999999997 0.59165625 0.131784840625 0.5837656250000001 0.1333251828125 0.5729062500000001 0.1472371640625 0.57684375 0.17506112499999998
11 0.193640625 0.656968215625 0.189875 0.71885085625 0.27275 0.776821515625 0.31042187499999996 0.790586796875 0.309796875 0.7886063562500001 0.33428125 0.730660146875 0.32987500000000003 0.680537896875 0.29095312500000003 0.6196332515625 0.24323437499999997 0.584254278125 0.236328125 0.584254278125 0.21560937500000002 0.6009779953125001 0.193640625 0.656968215625
11 0.22770312499999998 0.5929095359375001 0.256921875 0.5800733499999999 0.21675 0.52863080625 0.12364062499999999 0.5629339859375 0.12364062499999999 0.60007335 0.2030625 0.6314914421875 0.22770312499999998 0.5929095359375001
11 0.45603125 0.55383863125 0.4793125 0.59112469375 0.500375 0.59112469375 0.542484375 0.5937163812499999 0.546375 0.5564303171875 0.505359375 0.5139364296875 0.486515625 0.5122004890625 0.459359375 0.5260880203125 0.45603125 0.55383863125
11 1 0.7341075796875 0.9397968750000001 0.710586796875 0.92325 0.7223471875 0.92025 0.7411735937499999 0.938296875 0.8046943765625001 0.95934375 0.8141075796875 0.989421875 0.8141075796875 1 0.7341075796875
11 0.594703125 0.5326405875 0.6181875 0.5279217609375 0.62721875 0.5317114921874999 0.63325 0.546772615625 0.6446875000000001 0.5788264062499999 0.660953125 0.6391442546875 0.674796875 0.5995599015625 0.666375 0.5825916875 0.66696875 0.5675061125 0.67059375 0.543007334375 0.66878125 0.5203911984375 0.66878125 0.5024938875 0.660953125 0.494938875 0.645890625 0.5024938875 0.63325 0.5090953546875 0.5971093749999999 0.519462103125 0.5952968750000001 0.519462103125 0.5838593750000001 0.53359413125 0.594703125 0.5326405875
11 0.59328125 0.5159902203125 0.5946875 0.48454767656250003 0.613375 0.4377506109375 0.613375 0.43117359375 0.6012187499999999 0.40850855781249995 0.597953125 0.4114425421875 0.5680468750000001 0.41801955937499996 0.562921875 0.4202200484375 0.559171875 0.475770171875 0.563375 0.5335452328125 0.56384375 0.5364547671875 0.5876718750000001 0.5233007328125 0.59328125 0.5159902203125
11 0.65115625 0.3046210265625 0.633234375 0.27525672343749996 0.5956875 0.29127139375 0.588875 0.320660146875 0.588875 0.35136919375 0.611046875 0.37139364375 0.6289687500000001 0.34870415625 0.6255625 0.3073105140625 0.65115625 0.3046210265625
11 0.40046875000000004 0.2908068453125 0.3700625 0.27056234687499997 0.3610625 0.2758435203125 0.353171875 0.29872860625 0.3576875 0.3172371640625 0.37174999999999997 0.3445476765625 0.383578125 0.3225183375 0.41003125 0.30579462031250004 0.40046875000000004 0.2908068453125