6 0.709555034375 0.51384375 0.709555034375 0.5293281249999999 0.72355971875 0.530203125 0.72355971875 0.515890625 0.720491803125 0.512671875 0.721803278125 0.508875 0.713044496875 0.508875 0.7139344265625 0.509171875 0.7134894609375 0.511796875 0.709555034375 0.51384375
6 0.724379390625 0.51265625 0.724004684375 0.519625 0.725152225 0.52840625 0.7294145203125 0.530484375 0.739484778125 0.530484375 0.743372365625 0.522984375 0.7445199062500001 0.506453125 0.726323184375 0.505671875 0.725152225 0.50696875 0.725152225 0.508515625 0.724379390625 0.51265625
6 0.7653395781250001 0.5295468750000001 0.766276346875 0.509859375 0.764707259375 0.50609375 0.765644028125 0.5010625 0.75936768125 0.4998125 0.7505854796875 0.49939062500000003 0.7452459015625 0.502734375 0.7483840749999999 0.505671875 0.7502810296875 0.506296875 0.74744730625 0.508390625 0.7452459015625 0.512171875 0.7446135828125 0.51678125 0.7461826703125001 0.529125 0.74744730625 0.531015625 0.7581264640625001 0.5314375 0.7653395781250001 0.5295468750000001
6 0.7670257609375 0.509484375 0.7657142859375 0.530265625 0.7744964875 0.531734375 0.7872131140625 0.5308437500000001 0.7894145203125 0.5296875 0.7907259953125 0.527046875 0.7920374703124999 0.513875 0.793348946875 0.5062656249999999 0.7924824359375 0.503625 0.79159250625 0.501578125 0.7924824359375 0.49484374999999997 0.7700936765625 0.49484374999999997 0.7705386421875 0.498359375 0.7670257609375 0.503625 0.7670257609375 0.509484375
31 0.8649180328125 0.762703125 0.8686416859375001 0.762703125 0.8599531609375 0.7494531249999999 0.878571428125 0.74365625 0.8934660421875 0.5912499999999999 0.89967213125 0.423953125 0.90836065625 0.350234375 0.8177283375 0.355203125 0.8115222484375 0.373421875 0.7941451984375 0.45873437499999997 0.8152459015625 0.47778124999999994 0.797868853125 0.49270312499999996 0.7916627640625 0.555640625 0.8040749421875001 0.55978125 0.8202107734374999 0.568890625 0.8090398125 0.6185937499999999 0.7991100703125 0.6252187499999999 0.787939109375 0.7535937500000001 0.7866978921875 0.7585625 0.8525058546875 0.814875 0.8649180328125 0.762703125
16 0.42000000000000004 0.527546875 0.42344262343750005 0.52671875 0.4244028109375 0.524625 0.4413583140625 0.50975 0.438524590625 0.504515625 0.4350819671875 0.49990625 0.42564402812499996 0.50053125 0.41936768124999996 0.504515625 0.42030445 0.49821875000000004 0.3986416859375 0.496125 0.38482435625 0.498015625 0.3879859484375 0.5216875 0.3879859484375 0.5218906249999999 0.414028103125 0.52253125 0.42000000000000004 0.527546875
7 0.4834660421875 0.53625 0.5047540984375 0.530234375 0.518688525 0.5045468750000001 0.512131146875 0.5018125 0.49166276406250004 0.49907812500000004 0.4605386421875 0.49853125 0.43843091406249995 0.503453125 0.43679156875 0.5018125 0.45480093750000006 0.53296875 0.4834660421875 0.53625
24 0.0831147546875 0.480625 0.0831147546875 0.48139062499999996 0.0811943796875 0.48501562500000006 0.0811943796875 0.48553125 0.076932084375 0.488375 0.0738173296875 0.523265625 0.07770491874999999 0.526109375 0.0881498828125 0.5286875 0.2198829046875 0.527140625 0.22686182656249998 0.52275 0.22569086718750003 0.48190625000000004 0.22414519843749997 0.480625 0.0850585484375 0.4788125 0.0831147546875 0.480625
16 0.7154332546875 0.392671875 0.703676815625 0.392671875 0.6977985953125 0.392671875 0.6977985953125 0.395421875 0.6919437937499999 0.39425 0.6878220140625 0.396203125 0.6854800937500001 0.40012499999999995 0.6895784546875 0.40678125 0.696627634375 0.41109375000000004 0.696627634375 0.41618750000000004 0.6977985953125 0.41540625000000003 0.7025058546875 0.41540625000000003 0.709555034375 0.41618750000000004 0.7171896953125 0.41696875 0.7271662765625 0.41618750000000004 0.725995315625 0.395421875 0.72775175625 0.3930625 0.723067915625 0.392671875 0.7154332546875 0.392671875
34 0.5361592500000001 0.48953125000000003 0.5365573765625 0.48414062500000005 0.5426229515625 0.481453125 0.5438173296875 0.47525000000000006 0.5393911 0.46825 0.528875878125 0.46501562500000004 0.5163700234374999 0.46609375000000003 0.5066744734374999 0.471484375 0.508688525 0.48010937499999995 0.5143559718749999 0.483328125 0.524847775 0.486296875 0.528875878125 0.4925 0.538992975 0.49303125000000003 0.538571428125 0.49223437499999995 0.5361592500000001 0.48953125000000003
34 0.5608665109375 0.49434374999999997 0.5623653390625 0.494046875 0.5634192031249999 0.49165625 0.5687822015624999 0.489578125 0.57355971875 0.488875 0.5778922718749999 0.48609375000000005 0.5811709609375 0.48231250000000003 0.5825058546874999 0.48010937499999995 0.5778922718749999 0.47573437500000004 0.5722248249999999 0.474546875 0.5684777515625 0.47623437500000004 0.5658079625 0.47912499999999997 0.5625058546874999 0.48231250000000003 0.558196721875 0.48509375 0.5561124125 0.486984375 0.5555035125 0.490765625 0.5555035125 0.4925625 0.5562529281249999 0.4930625 0.5570023421875 0.49415624999999996 0.5608665109375 0.49434374999999997
2 0.49892271718750003 0.41745312500000004 0.49177985937499996 0.41814062500000004 0.489203746875 0.421203125 0.47644028125000004 0.426828125 0.46569086718749997 0.43348437500000003 0.4544496484375 0.44167187500000005 0.4544496484375 0.44917187500000005 0.4731147546875 0.451734375 0.49381732968750003 0.452234375 0.5094145203125 0.44917187500000005 0.5183606562499999 0.43825000000000003 0.5211709609375 0.432625 0.5203981265625 0.42699999999999994 0.5142622953125 0.422734375 0.5099063234375001 0.42103124999999997 0.49892271718750003 0.41745312500000004
0 0.481779859375 0.352359375 0.488899296875 0.35259375 0.4980327875 0.35284375 0.5024121781249999 0.35028125 0.502763465625 0.34553124999999996 0.4963934421875 0.34140625 0.49290398125 0.339203125 0.4896252921875 0.342375 0.4823419203125 0.343109375 0.47922716562499995 0.34700000000000003 0.481779859375 0.352359375
33 0.0014051515625 0.53496875 0.0014051515625 0.5703125 0.1354098359375 0.56903125 0.14498829062500002 0.569453125 0.1500936765625 0.5681875 0.1755971890625 0.54390625 0.17625292812499999 0.5405 0.174332553125 0.536671875 0.0014051515625 0.53496875
16 0.435456675 0.5131875 0.431007025 0.517203125 0.42391100625 0.520609375 0.41901639375000005 0.5283125 0.417236534375 0.53603125 0.417236534375 0.54121875 0.42569086718750004 0.54403125 0.447236534375 0.542109375 0.44768149843750005 0.53809375 0.44545667499999997 0.519265625 0.4427868859375 0.5091875 0.439227165625 0.509484375 0.435456675 0.5131875
22 0.07459016406249999 0.49279687499999997 0.07747072656250001 0.487046875 0.085292740625 0.48512500000000003 0.0844496484375 0.481828125 0.07665105312500001 0.47935937500000003 0.063091334375 0.48896875 0.0491100703125 0.502953125 0.037611240625 0.516375 0.044192037499999996 0.517484375 0.07459016406249999 0.49279687499999997
22 0.0599297421875 0.513140625 0.06192037500000001 0.5103125000000001 0.0676580796875 0.506984375 0.075644028125 0.501484375 0.07515222499999999 0.498828125 0.07189695625 0.497828125 0.056932084375000004 0.507484375 0.05194379375 0.5148125 0.052201404687499994 0.517140625 0.054683840625 0.516640625 0.0599297421875 0.513140625
22 0.0484777515625 0.49279687499999997 0.0681264640625 0.479078125 0.073044496875 0.47639062499999996 0.07259953125 0.47221875 0.0705854796875 0.47028125000000004 0.061217798437500005 0.47043749999999995 0.0364168625 0.489359375 0.0364168625 0.48965625 0.04512880625 0.495625 0.0484777515625 0.49279687499999997
27 0.20632318437500002 0.8129843749999999 0.16740046875 0.6 0.12847775156250002 0.623375 0.007775175 0.612984375 0.0038875875 0.945453125 0.007775175 0.95065625 0.1323653390625 0.95065625 0.20632318437500002 0.8129843749999999
34 0.5708899296875 0.47298437499999996 0.5700234187500001 0.469125 0.5655737703125 0.46646875000000004 0.5597892265625 0.46690624999999997 0.5582435593749999 0.46898437499999995 0.5566744734375 0.4715 0.5562295078124999 0.4766875 0.5566744734375 0.486625 0.5644496484375 0.48276562500000003 0.5708899296875 0.47298437499999996