14 0.684265625 0.15576470625 0.6960468750000001 0.1912235296875 0.723234375 0.20350588281249998 0.7386250000000001 0.193952940625 0.7495 0.173482353125 0.7540312499999999 0.143482353125 0.7485937500000001 0.11891764687499999 0.72865625 0.098447059375 0.713265625 0.098447059375 0.6933281250000001 0.1120941171875 0.686078125 0.12983529375 0.684265625 0.15576470625
13 0.935921875 0.8234823531250001 0.9195781249999999 0.8145411765624999 0.8854218749999999 0.8078117640625001 0.864625 0.8123058828125 0.852734375 0.8190117640624999 0.8215312499999999 0.8234823531250001 0.830453125 0.9017882359374999 0.9641562499999999 0.8905882359374999 0.9641562499999999 0.8190117640624999 0.935921875 0.8234823531250001
22 0.8430156249999999 0.4635764703125 0.843328125 0.4654588234375 0.860703125 0.46856470625 0.86290625 0.46665882343750004 0.8832812499999999 0.46665882343750004 0.8829687500000001 0.46190588281249995 0.863703125 0.46094117656250005 0.846484375 0.46143529375 0.8430156249999999 0.4635764703125
22 0.815828125 0.5573411765625 0.816203125 0.5609882359375 0.8171250000000001 0.5637882359375 0.819921875 0.5694117640624999 0.819 0.529247059375 0.8186249999999999 0.49131764687499996 0.816390625 0.48990588281249997 0.815828125 0.4930117640625 0.815828125 0.528682353125 0.815453125 0.5331764703124999 0.815828125 0.5573411765625
33 0.729578125 0.6262823531249999 0.7484375 0.644847059375 0.8446093749999999 0.6432235296875 0.802140625 0.6126117640625 0.798875 0.6159058828124999 0.787625 0.6153411765625 0.7814687499999999 0.6098823531249999 0.762953125 0.6115294125 0.7375625 0.6126117640625 0.7404531249999999 0.613717646875 0.7371875 0.6191764703125 0.729578125 0.6262823531249999
22 0.59528125 0.41430588281249997 0.6016250000000001 0.41178823593749997 0.600296875 0.406752940625 0.5759218749999999 0.404752940625 0.53284375 0.40976470625 0.5348437500000001 0.41430588281249997 0.5338437500000001 0.41127058749999995 0.551546875 0.4152941171875 0.57325 0.4158117640625 0.57625 0.4137882359375 0.59528125 0.41430588281249997
22 0.857625 0.47705882343750006 0.8618750000000001 0.47534117656249997 0.8825156249999999 0.47663529374999997 0.883640625 0.47023529374999995 0.8437812499999999 0.47152941249999997 0.857625 0.47705882343750006
22 0.8587031250000001 0.5012 0.8781718749999999 0.5033411765625 0.8797656249999999 0.5021411765625 0.8797656249999999 0.49976470624999997 0.8797656249999999 0.49571764687500003 0.8713749999999999 0.49571764687500003 0.846828125 0.49691764687499995 0.8476250000000001 0.5002352937500001 0.8479374999999999 0.50143529375 0.8587031250000001 0.5012
7 0.505046875 0.770117646875 0.5094375 0.7643294125 0.5155000000000001 0.7576941171875 0.5248437499999999 0.7427764703124999 0.525390625 0.739482353125 0.524296875 0.7312000000000001 0.5176875 0.7237411765624999 0.514390625 0.7220705875 0.514390625 0.7328470593749999 0.5121875 0.73863529375 0.5066875 0.741952940625 0.499 0.741952940625 0.48634374999999996 0.7427764703124999 0.470390625 0.7427764703124999 0.45775 0.741952940625 0.45225 0.739482353125 0.44784375 0.7336705875 0.4489375 0.7287058828124999 0.456640625 0.7220705875 0.459390625 0.721247059375 0.4571875 0.7179294125 0.44234375000000004 0.722917646875 0.43629687500000003 0.730352940625 0.43574999999999997 0.739482353125 0.43518749999999995 0.73863529375 0.4571875 0.77343529375 0.4764375 0.7841882359375 0.5022968750000001 0.7792235296875 0.505046875 0.770117646875
0 0.911046875 0.5686588234375 0.9086093749999999 0.5716 0.909015625 0.5745176468750001 0.911859375 0.57183529375 0.91584375 0.570117646875 0.9200625 0.5703764703124999 0.92225 0.5709882359375 0.92534375 0.5723294125 0.925984375 0.5720705875000001 0.9231406249999999 0.5678117640625 0.91990625 0.5671999999999999 0.9141406249999999 0.56743529375 0.911046875 0.5686588234375
13 0.602546875 1 0.6001562500000001 0.9407764703125 0.592984375 0.9380705875 0.569078125 0.94616470625 0.529625 0.9506823531249999 0.491375 0.9677882359375 0.46089062500000005 0.9947764703124999 0.46328125 1 0.602546875 1
33 0.636 0.62616470625 0.636453125 0.6289882359375001 0.6467031249999999 0.6486117640625 0.725875 0.6451058828125 0.6960625 0.6226588234375 0.636 0.62616470625
31 0.123859375 0.67416470625 0.122359375 0.6808941171875 0.12982812500000002 0.9775294125 0.2521875 0.9707764703124999 0.25815625 0.6786588234375001 0.123859375 0.67416470625
22 0.88490625 0.43341176406250004 0.872171875 0.43414117656249995 0.871046875 0.4360705875 0.8691093750000001 0.43414117656249995 0.8567031249999999 0.4368 0.8494531249999999 0.4380235296875 0.8449375 0.44018823593749995 0.837515625 0.4436 0.8436406249999999 0.4440705875 0.85346875 0.44480000000000003 0.8620156250000001 0.44505882343750003 0.8702343750000001 0.446752940625 0.8708750000000001 0.439482353125 0.8755468750000001 0.439952940625 0.8811875 0.44018823593749995 0.8873125 0.4380235296875 0.8905468750000001 0.4360705875 0.8927968749999999 0.4368 0.891984375 0.439717646875 0.8934374999999999 0.44018823593749995 0.8945624999999999 0.43630588281250005 0.894890625 0.433647059375 0.892953125 0.4309882359375 0.88490625 0.43341176406250004
22 0.878484375 0.387552940625 0.8985312499999999 0.3885411765625 0.898859375 0.3909882359375 0.9013125000000001 0.390517646875 0.9057031249999999 0.383152940625 0.9037499999999999 0.3787294125 0.876515625 0.380447059375 0.876515625 0.3811764703125 0.840484375 0.38239999999999996 0.83396875 0.3878117640625 0.84146875 0.39223529375 0.848796875 0.393952940625 0.8766875000000001 0.394447059375 0.876359375 0.3941882359375 0.878484375 0.394447059375 0.878484375 0.387552940625
22 0.86815625 0.415717646875 0.871890625 0.408047059375 0.8943125000000001 0.408047059375 0.8949999999999999 0.40294117656250006 0.8926093749999999 0.39936470625 0.864078125 0.4014117640625 0.836546875 0.40599999999999997 0.847421875 0.4147058828125 0.86815625 0.415717646875
22 0.8892187500000001 0.45089411718749994 0.8858593750000001 0.449647059375 0.870078125 0.4514117640625 0.8672187499999999 0.45216470624999994 0.844375 0.4519058828125 0.84184375 0.4554588234375 0.8421875 0.455717646875 0.867046875 0.45748235312499996 0.867890625 0.4554588234375 0.872921875 0.455717646875 0.8772968750000001 0.4572235296875 0.885015625 0.455717646875 0.8858593750000001 0.45748235312499996 0.88703125 0.45696470624999996 0.888546875 0.455952940625 0.8895625 0.45343529374999997 0.8895625 0.4524235296875 0.8892187500000001 0.45089411718749994
22 0.8470625 0.49063529375000003 0.8470625 0.493317646875 0.8610625000000001 0.49447058750000006 0.861578125 0.49294117656249997 0.880671875 0.49294117656249997 0.8819375 0.4902588234375 0.880421875 0.4868 0.8470625 0.49063529375000003
22 0.5804843749999999 0.4547294125 0.57309375 0.4547294125 0.5690625 0.45599999999999996 0.563515625 0.45599999999999996 0.557125 0.45599999999999996 0.553609375 0.4575058828125 0.55175 0.458517646875 0.550078125 0.4597882359375 0.549578125 0.46030588281249996 0.550578125 0.46232941250000004 0.588875 0.46105882343750004 0.59140625 0.4575058828125 0.5905625 0.4562588234375 0.587203125 0.45371764687500005 0.5804843749999999 0.4547294125
22 0.577890625 0.3748 0.56090625 0.37597647031250003 0.5300312500000001 0.3765411765625 0.5076562499999999 0.3765411765625 0.50340625 0.3812 0.5234687499999999 0.3817882359375 0.56321875 0.382352940625 0.582515625 0.3835294125 0.597578125 0.38701176406250004 0.5995 0.384117646875 0.59834375 0.3748 0.577890625 0.3748
7 0.512203125 0.8434117640625001 0.50965625 0.8364941171875 0.49539062500000003 0.828447059375 0.48010937499999995 0.828447059375 0.470703125 0.8295999999999999 0.45745312499999996 0.8349647062500001 0.450078125 0.84416470625 0.44956250000000003 0.849552940625 0.45082812499999997 0.85376470625 0.453125 0.8606588234375 0.45465625000000004 0.8621882359375 0.46585937499999996 0.8671764703125 0.47375 0.8702588234374999 0.481140625 0.8702588234374999 0.4913125 0.869482353125 0.50278125 0.8660235296875 0.5065937500000001 0.8644941171875 0.50990625 0.8541411765625 0.512203125 0.8434117640625001
7 0.826296875 1 0.8338281249999999 0.9964235296874999 0.8349062500000001 0.9648 0.8160624999999999 0.936447059375 0.76115625 0.9048235296874999 0.6825625 0.9080705874999999 0.6594218749999999 0.9396705875 0.664265625 0.9802117640624999 0.67503125 1 0.826296875 1
0 0.940765625 0.575552940625 0.940515625 0.565952940625 0.93434375 0.56936470625 0.929859375 0.57576470625 0.940765625 0.575552940625
0 0.95621875 0.575482353125 0.958796875 0.57063529375 0.9572968749999999 0.5660941171875 0.9532031249999999 0.5651294124999999 0.946328125 0.5673882359375 0.946109375 0.57743529375 0.947390625 0.576447059375 0.9549218749999999 0.5767764703125 0.95621875 0.575482353125
5 0.117078125 0.6099058828125 0.11828125 0.5967764703125 0.124296875 0.5850117640625 0.12640625 0.5809176468749999 0.12790625 0.5736705875 0.12790625 0.5687058828125 0.127609375 0.5447058828125 0.10384374999999998 0.5501411765625 0.09753125 0.552847059375 0.09753125 0.5560235296875 0.099328125 0.6407058828125 0.108359375 0.6420470593750001 0.117078125 0.631647059375 0.117078125 0.6099058828125
22 0.598546875 0.438047059375 0.5711875 0.443482353125 0.541109375 0.44030588281250005 0.5426249999999999 0.4457411765625 0.569078125 0.45209411718750003 0.573296875 0.45343529374999997 0.574796875 0.4525411765625 0.57659375 0.448917646875 0.58321875 0.4507294125 0.5925312500000001 0.4457411765625 0.597046875 0.448917646875 0.600046875 0.44800000000000006 0.600953125 0.4439294125 0.600046875 0.43985882343749994 0.598546875 0.438047059375
7 0.446546875 0.8480941171874999 0.443828125 0.8535294125 0.44225000000000003 0.8586352937499999 0.44201562499999997 0.8654588234375 0.44406249999999997 0.8749882359375001 0.446765625 0.8818117640625 0.45242187500000003 0.9036 0.46576562499999996 0.9168941171875 0.48070312499999995 0.9202823531250001 0.491328125 0.9192705875 0.504890625 0.9124705875 0.512140625 0.9019058828125001 0.519140625 0.8807764703125001 0.52140625 0.8749882359375001 0.52525 0.864447059375 0.51846875 0.8487764703125 0.513046875 0.8416235296875 0.509875 0.8480941171874999 0.50603125 0.8589882359375001 0.49743750000000003 0.8627294125 0.4831875 0.86783529375 0.466671875 0.8688705875 0.45717187499999995 0.8576235296875 0.446546875 0.8480941171874999
7 0.346984375 0.8792 0.352375 0.8528941171875 0.308015625 0.8427764703125 0.294578125 0.8427764703125 0.28517187499999996 0.8650352937499999 0.283828125 0.8731294125 0.299953125 0.9297882359375 0.32414062499999996 0.93383529375 0.340265625 0.9257411765624999 0.346984375 0.8792
22 0.196875 0.5623529406250001 0.20625 0.5623529406250001 0.2125 0.54823529375 0.2171875 0.4988235296875 0.3291424421875 0.4386867296875 0.5140625 0.402352940625 0.51875 0.4094117640625 0.5546875 0.4094117640625 0.5779017859375 0.4470588234375 0.578125 0.46352941249999996 0.5515625 0.46588235312500004 0.546875 0.47529411718750003 0.546875 0.4894117640625 0.5515625 0.4964705875 0.5859375 0.49411764687500004 0.590625 0.47529411718750003 0.5875 0.4611764703125 0.5890625 0.4070588234375 0.6046875 0.4094117640625 0.609375 0.402352940625 0.6109375 0.38823529375 0.60625 0.3788235296875 0.60625 0.37176470625 0.6109375 0.36 0.659821428125 0.3468907546875 0.85 0.35764705937499996 0.85 0.37176470625 0.8546875 0.3788235296875 0.85390625 0.39058823593750003 0.8439062500000001 0.46423529375 0.8453125 0.46823529375 0.840625 0.47529411718750003 0.840625 0.4894117640625 0.8453125 0.4964705875 0.8546875 0.4964705875 0.8578125 0.4894117640625 0.884375 0.4894117640625 0.8890625 0.477647059375 0.8890625 0.4705882359375 0.884375 0.4611764703125 0.875 0.4611764703125 0.875 0.46823529375 0.8609375 0.4705882359375 0.8484375 0.46823529375 0.84921875 0.4611764703125 0.8471875000000001 0.45317647031249997 0.8518229171874999 0.44745098125 0.8504687499999999 0.442117646875 0.8544270828125 0.4337254890625 0.8515625 0.425882353125 0.85703125 0.42000000000000004 0.85234375 0.414117646875 0.853125 0.402352940625 0.8603125 0.4089411765625 0.866875 0.3868235296875 0.875 0.3811764703125 0.9 0.3788235296875 0.903125 0.374117646875 0.9046875 0.36 0.9 0.3505882359375 0.890625 0.3505882359375 0.8859375 0.35764705937499996 0.878125 0.35764705937499996 0.8734375 0.3647058828125 0.8640625 0.3505882359375 0.651897321875 0.3464425765625 0.6122767859375 0.3442016796875 0.609375 0.34823529375 0.60625 0.3435294125 0.596428571875 0.343305321875 0.5921875 0.3505882359375 0.5885044640625 0.34285714375 0.5828125 0.3505882359375 0.5805803578125001 0.3424089640625 0.5734375 0.3505882359375 0.57265625 0.34196078281250003 0.5568080359375001 0.34106442656249997 0.5546875 0.34823529375 0.548883928125 0.340616246875 0.5330357140624999 0.3397198875 0.5296875 0.3435294125 0.5265625 0.3388235296875 0.5171875 0.3388235296875 0.5109375 0.34823529375 0.5096656984375 0.34281805625 0.33666424375 0.434692203125 0.21361607187499998 0.468571428125 0.2171875 0.45647058749999997 0.2125 0.4470588234375 0.203125 0.4470588234375 0.1984375 0.454117646875 0.196875 0.49411764687500004 0.2064732140625 0.49277310781250006 0.2087936046875 0.502599178125 0.19375 0.5105882359375 0.1993303578125 0.516974790625 0.1921875 0.5411764703124999 0.1921875 0.5552941171875 0.196875 0.5623529406250001