16 0.8293871859375 0.692515625 0.8341782734375001 0.7165781250000001 0.8913649031249999 0.71390625 0.9437883015624999 0.72459375 0.9676323124999999 0.7406406249999999 1 0.729953125 0.9914763234375 0.5748593750000001 0.96286908125 0.558828125 0.9008913656249999 0.550796875 0.8341782734375001 0.550796875 0.7864902500000001 0.5615 0.7864902500000001 0.564171875 0.7626740953125 0.5882343750000001 0.7626740953125 0.655078125 0.8055710312500001 0.6791406249999999 0.8293871859375 0.692515625
19 0.26278551562499997 0.795484375 0.290389971875 0.836140625 0.24896935937500003 0.8 0.28348189375 0.83871875 0.23632312031249997 0.8051562499999999 0.23286908125 0.808390625 0.3237604453125 0.8774374999999999 0.3847353765625 0.926484375 0.4100557109375 0.920671875 0.388189415625 0.8884062500000001 0.331810584375 0.8606562500000001 0.26278551562499997 0.795484375
22 0.28593314687500004 0.786640625 0.27593314687500003 0.788703125 0.276573815625 0.793390625 0.2852646234375 0.7993750000000001 0.3581337046875 0.83071875 0.412311978125 0.851 0.45077994375 0.86490625 0.5054317546875 0.9001093750000001 0.53729805 0.9052187500000001 0.570696378125 0.908625 0.581337046875 0.9023749999999999 0.5696935937500001 0.8955624999999999 0.5565459609375 0.87909375 0.5125069640625 0.867171875 0.44849582187500003 0.84571875 0.4434540390625 0.8355 0.42977715937500005 0.833796875 0.3533704734375 0.80115625 0.357715878125 0.8036875 0.302284121875 0.787203125 0.28593314687500004 0.786640625
0 0.7849303625 0.72746875 0.77827298125 0.71503125 0.757214484375 0.6988749999999999 0.7394707515625 0.69140625 0.722841225 0.689546875 0.7084401109375 0.688296875 0.690696378125 0.6870625 0.6774094703125 0.6870625 0.6430362109375001 0.6870625 0.628635096875 0.689546875 0.6042339828125 0.694515625 0.590947075 0.6988749999999999 0.5831754874999999 0.700734375 0.5698885796875001 0.7100625 0.559916434375 0.721875 0.555487465625 0.7349375 0.555487465625 0.74675 0.5654596093750001 0.774734375 0.5743175484374999 0.7840625 0.58428969375 0.7933749999999999 0.590947075 0.797734375 0.6075766015624999 0.810171875 0.6186629531250001 0.814515625 0.6463788296875 0.8226093750000001 0.66300835625 0.82634375 0.682952646875 0.826953125 0.7162116984375 0.82384375 0.7184122562499999 0.8213593749999999 0.7738440109375 0.78778125 0.7849303625 0.761046875 0.788245125 0.738046875 0.7849303625 0.72746875
0 0.7603342625 0.658734375 0.75239554375 0.65784375 0.7333147624999999 0.65784375 0.7078830078125 0.657390625 0.690389971875 0.6591875 0.679275765625 0.6618593749999999 0.6752924796875 0.664078125 0.6681337046875 0.6752343749999999 0.6665459609375 0.6877187499999999 0.7150417828125 0.6877187499999999 0.7404735375 0.688609375 0.769860725 0.710453125 0.7897214484374999 0.73809375 0.808022284375 0.723375 0.8374094703124999 0.7166875 0.8389972140624999 0.7166875 0.8310584953125 0.6868125 0.800863509375 0.6716562500000001 0.7849582171875 0.663640625 0.7603342625 0.658734375
0 0.3306128140625 0.5369531249999999 0.3642618390625 0.54234375 0.36665738124999997 0.5403125 0.39551532031250003 0.52684375 0.4147353765625 0.533578125 0.4111420609375 0.54571875 0.393091921875 0.553796875 0.390696378125 0.560546875 0.4123398328125 0.57334375 0.426740946875 0.5693125 0.42796657343750005 0.541 0.418328690625 0.5214375 0.39428969375 0.50459375 0.34261838437500003 0.49381250000000004 0.308969359375 0.49448437500000003 0.27292479062499997 0.5025625 0.256100278125 0.5234687499999999 0.2537047359375 0.52953125 0.28974930312499997 0.5369531249999999 0.3306128140625 0.5369531249999999
26 0.577047353125 0.6685156250000001 0.5723676875 0.6540468749999999 0.5536211703125 0.626453125 0.5161281343749999 0.6001562500000001 0.485654596875 0.604109375 0.45754874687499997 0.6211875 0.4106685234375 0.625140625 0.3966295265625 0.634328125 0.3661559890625 0.6540468749999999 0.3661559890625 0.68559375 0.4552089140625 0.68296875 0.5067688015625 0.67903125 0.56300835625 0.6737656249999999 0.577047353125 0.6685156250000001
34 0.38654596093750004 0.904046875 0.345543175 0.869125 0.315933146875 0.8589062500000001 0.3136768796875 0.850390625 0.29467966562500003 0.835921875 0.2696378828125 0.83421875 0.2506685234375 0.8508281249999999 0.27192200624999996 0.8704062499999999 0.3083565453125 0.8682812500000001 0.36451253437500003 0.9099999999999999 0.375153203125 0.914265625 0.38654596093750004 0.904046875
26 0.92192200625 0.8123437499999999 0.9649303625 0.794734375 0.981977715625 0.7716093749999999 0.9757103062500001 0.74746875 0.95239554375 0.728875 0.9138440109375001 0.7193125 0.8752924796875 0.715296875 0.824206128125 0.720328125 0.8 0.725859375 0.7865459609375 0.73640625 0.7892479109375 0.743453125 0.78746518125 0.7620625000000001 0.783871865625 0.774125 0.7811699171875001 0.78015625 0.7865459609375 0.78971875 0.8206128140625 0.8063125 0.864540390625 0.8143437499999999 0.92192200625 0.8123437499999999
28 0.7557381609375 0.322265625 0.717381615625 0.31248437500000004 0.7051810578125 0.31248437500000004 0.6650696375 0.300734375 0.656350975 0.28704687500000003 0.67030640625 0.235203125 0.65286908125 0.21662499999999998 0.6214763234375 0.20978124999999997 0.5726462390625 0.21173437499999997 0.42618384374999996 0.242046875 0.40874651875 0.25770312500000003 0.4191922 0.27921874999999996 0.44883008281250003 0.2860625 0.4610584953125 0.3115 0.485459609375 0.31639062500000004 0.4941782734375 0.344765625 0.4418662953125 0.352578125 0.4104735375 0.362359375 0.3843175484375 0.37117187500000004 0.3703621171875 0.38290625 0.359916434375 0.39659374999999997 0.3389972140625 0.42985937500000004 0.3180501390625 0.47289062499999995 0.3180501390625 0.48267187500000003 0.7505013921875 0.485609375 0.7557381609375 0.322265625
7 0.70350975 0.632046875 0.644066853125 0.65490625 0.39618384375 0.6882343750000001 0.1788579390625 0.672046875 0.097381615625 0.644421875 0.236601671875 0.748234375 0.49295264687499996 0.7491875 0.5727576609375 0.714890625 0.6695264625 0.67109375 0.70350975 0.632046875