26 0.8761875 0.8616666671875001 0.8836875 0.8672291671875 0.8970156250000001 0.8705624999999999 0.90034375 0.8616666671875001 0.9128281250000001 0.8505625 0.92615625 0.8438958328125 0.9286562500000001 0.8350208328125 0.932828125 0.8117083328125 0.9319843750000001 0.7917083328125 0.9278281249999999 0.7817291671875 0.92365625 0.7695000000000001 0.9195 0.7583958328125 0.9053437499999999 0.7461875 0.8903437500000001 0.7395208328125 0.87203125 0.7350833328124999 0.85703125 0.74175 0.842046875 0.7539583328125 0.834546875 0.770625 0.8362187499999999 0.7817291671875 0.8337187500000001 0.8172499999999999 0.8353906249999999 0.8305833328125001 0.845375 0.8450208328125 0.852875 0.8483541671875001 0.860375 0.8527916671875 0.8761875 0.8616666671875001
26 0.82509375 0.44114583281249997 0.8149218749999999 0.4499166671875 0.8071406250000001 0.46508333281249997 0.79996875 0.497 0.8053437499999999 0.5217291671875001 0.80834375 0.5225416671875001 0.838859375 0.5161458328124999 0.849046875 0.5161458328124999 0.8592187499999999 0.5185416671875 0.8687968749999999 0.5217291671875001 0.874171875 0.5113541671874999 0.8771718749999999 0.4874166671875 0.87596875 0.46666666718750005 0.8627968750000001 0.4459166671875 0.8598125 0.44114583281249997 0.850234375 0.4355416671875 0.82509375 0.44114583281249997
26 0.754109375 0.5935833328125 0.7745625 0.5935833328125 0.80065625 0.59075 0.801359375 0.5813541671875 0.801359375 0.569125 0.7999375 0.5578541671874999 0.7971250000000001 0.5493958328125 0.789359375 0.5381041671875 0.780203125 0.5305833328125 0.768203125 0.525875 0.7463437500000001 0.5315208328125001 0.73365625 0.5418541671875 0.740703125 0.5935833328125 0.7428281250000001 0.5935833328125 0.754109375 0.5935833328125
26 0.844640625 0.5896250000000001 0.8684531249999999 0.5885833328125 0.886109375 0.5875625 0.884578125 0.5588958328125 0.8707499999999999 0.5291875 0.8561562500000001 0.5179166671875 0.8361875 0.5168958328125 0.816984375 0.5199791671875 0.7993125 0.5425 0.800078125 0.5558125 0.807765625 0.5885833328125 0.844640625 0.5896250000000001
26 0.795875 0.4679583328125 0.808234375 0.46560416718750003 0.8223593749999999 0.4538333328125 0.8417656250000001 0.45149999999999996 0.8611718749999999 0.4397291671875 0.8611718749999999 0.40208333281249997 0.8452968750000001 0.3715 0.8241250000000001 0.3620833328125 0.79940625 0.3479583328125 0.7870625 0.3691458328125 0.788828125 0.3691458328125 0.77646875 0.3926666671875 0.781765625 0.4208958328125 0.7870625 0.4444375 0.795875 0.4679583328125
0 0.226375 0.6418958328125 0.23321874999999997 0.6385833328125 0.2363125 0.633625 0.249359375 0.5789583328125001 0.23507812499999997 0.5615625 0.213328125 0.545 0.152453125 0.5980000000000001 0.18351562500000002 0.6452083328125 0.20775000000000002 0.6443749999999999 0.226375 0.6418958328125
0 0.01340625 0.6616666671875 0.0034062500000000004 0.709125 0 0.857375 0.0045156250000000005 0.9062916671875 0.052328125 0.9166874999999999 0.12793749999999998 0.9181666671875 0.2024375 0.9181666671875 0.21134375 0.8618124999999999 0.22023437499999998 0.7224583328125 0.22023437499999998 0.65575 0.2035625 0.6498125 0.169078125 0.6498125 0.149078125 0.6097708328125 0.16353125 0.5816041671875001 0.1501875 0.5430625 0.126828125 0.538625 0.09903125 0.549 0.0645625 0.538625 0.025640625 0.5519583328125 0.008968750000000001 0.5831041671875 0.024531249999999998 0.6305416671875 0.01340625 0.6616666671875
0 0.4343125 0.5583958328125 0.445 0.5678958328125 0.46860937500000005 0.5649166671875 0.48375 0.5566041671875 0.49621875 0.5465208328125 0.497546875 0.520375 0.49220312499999996 0.5031666671874999 0.48464062500000005 0.4930625 0.46415625 0.4764375 0.442765625 0.477625 0.43296875 0.4841666671875 0.42584375 0.49781250000000005 0.424515625 0.5174166671875 0.426734375 0.5334375 0.43118749999999995 0.5459166671875 0.4343125 0.5583958328125
0 0.24095312500000002 0.47564583281250006 0.24095312500000002 0.47081249999999997 0.23853125 0.45952083281249995 0.25060937499999997 0.4546875 0.262703125 0.4546875 0.275984375 0.43052083281250003 0.28445312500000003 0.41441666718750003 0.28565625 0.39508333281249997 0.26753125 0.3805833328125 0.25182812499999996 0.37414583281249997 0.248203125 0.3725208328125 0.24578125 0.3596458328125 0.23732812499999997 0.3274166671875 0.22523437500000001 0.3112916671875 0.215578125 0.3129166671875 0.19503125 0.31775000000000003 0.181734375 0.3290208328125 0.18415625 0.3564166671875 0.18778125 0.41118750000000004 0.18053125 0.46597916718750004 0.203484375 0.47564583281250006 0.226453125 0.47564583281250006 0.24095312500000002 0.47564583281250006
0 0.579328125 0.6117083328125 0.58371875 0.6131666671875 0.636484375 0.6087708328125 0.64196875 0.6058333328125001 0.64471875 0.5977916671875 0.64471875 0.589 0.644171875 0.5736041671875001 0.6408750000000001 0.5684791671875 0.624390625 0.5545416671875001 0.61834375 0.572875 0.6051562500000001 0.5780000000000001 0.58371875 0.5772708328125 0.5804218750000001 0.5743333328125 0.577671875 0.604375 0.579328125 0.6117083328125
0 0.001984375 0.3975 0.0008125000000000001 0.41475 0.001390625 0.43158333281249994 0.005796875 0.4460833328125 0.01490625 0.45549999999999996 0.028140625000000002 0.46333333281250005 0.04165625 0.46333333281250005 0.052531249999999995 0.46333333281250005 0.061921875 0.46333333281250005 0.065453125 0.46058333281249997 0.074265625 0.4406041671875 0.074265625 0.4131875 0.07103125 0.4010416671875 0.06398437500000001 0.3920208328125 0.0578125 0.38497916718749997 0.0528125 0.3822291671875 0.046640625000000005 0.3822291671875 0.041953125 0.3814375 0.029906250000000002 0.379875 0.019328124999999998 0.3818333328125 0.005796875 0.3877083328125 0.001984375 0.3975
0 0.095359375 0.4207291671875 0.105609375 0.4150208328125 0.132953125 0.3802708328125 0.12782812500000001 0.3358541671875 0.091078125 0.3198958328125 0.06203125 0.34325 0.063734375 0.3922291671875 0.077828125 0.41275000000000006 0.08553125 0.41958333281250004 0.095359375 0.4207291671875
0 0.58765625 0.5647708328125 0.609234375 0.5498541671875 0.62840625 0.5285416671875 0.624421875 0.5029791671875 0.616421875 0.484875 0.6012500000000001 0.4731458328125 0.594859375 0.4625 0.57646875 0.4635625 0.559703125 0.48166666718749995 0.5509062499999999 0.5189583328125 0.55809375 0.5498541671875 0.5684843749999999 0.5668958328125 0.58765625 0.5647708328125
26 0.9520312499999999 0.5596666671875 0.9400625 0.5330833328125 0.9225312499999999 0.5245833328125 0.893828125 0.5309583328125 0.88028125 0.5479791671875 0.8850625000000001 0.5958125 0.9568125000000001 0.592625 0.9520312499999999 0.5596666671875
26 0.9371562499999999 0.4486041671875 0.957078125 0.44329166718749996 0.975421875 0.4262708328125 0.9905625 0.40502083281249995 0.9905625 0.385875 0.9857812499999999 0.371 0.974625 0.35825 0.96265625 0.3529375 0.947515625 0.3507916671875 0.9275781249999999 0.360375 0.922 0.3741875 0.92359375 0.3805625 0.9275781249999999 0.3954375 0.92678125 0.4262708328125 0.9275781249999999 0.4443541671875 0.9371562499999999 0.4486041671875
26 1 0.43285416718749997 0.9895156249999999 0.4264791671875 0.991109375 0.4169166671875 0.991109375 0.3998958328125 0.987921875 0.3850208328125 0.9831406250000001 0.3712083328125 0.975171875 0.3627083328125 0.9672031249999999 0.3595208328125 0.944875 0.3595208328125 0.9353125 0.36164583281249996 0.9233437500000001 0.37333333281250003 0.92175 0.3818333328125 0.915375 0.3712083328125 0.909796875 0.3584583328125 0.89784375 0.353125 0.8747187500000001 0.353125 0.86196875 0.3627083328125 0.8563750000000001 0.3712083328125 0.850796875 0.38395833281249997 0.84840625 0.37545833281249996 0.8428281249999999 0.3690833328125 0.8356562500000001 0.3584583328125 0.82928125 0.3541875 0.8173125000000001 0.351 0.800578125 0.3541875 0.78621875 0.3669583328125 0.7790468749999999 0.3828958328125 0.777453125 0.3797083328125 0.77028125 0.3627083328125 0.7623125 0.3520625 0.743171875 0.34781249999999997 0.7288281249999999 0.3541875 0.72165625 0.3712083328125 0.7391875 0.5923125 0.9998906249999999 0.5944375 1 0.43285416718749997
26 0.8922812499999999 0.9319375000000001 0.8979062499999999 0.9535208328125 0.904234375 0.9619583328125 0.98165625 0.9610208328125 0.990796875 0.9469583328125 0.9936093749999999 0.9394583328125 0.99571875 0.9450833328125 1 0.9497708328125001 0.999953125 0.63825 0.9914999999999999 0.6410625 0.978828125 0.6448125 0.967578125 0.6560833328125 0.96265625 0.6701458328125 0.958421875 0.6588958328125 0.9429375 0.6391875 0.925359375 0.63075 0.9049375 0.632625 0.883125 0.6485833328124999 0.87328125 0.6673333328125 0.8641249999999999 0.6570208328125 0.852171875 0.6391875 0.834578125 0.63075 0.81628125 0.63075 0.795859375 0.6391875 0.778265625 0.6560833328125 0.7747499999999999 0.6786041671875 0.7747499999999999 0.701125 0.7825 0.7236458328125 0.778265625 0.7236458328125 0.7606875 0.7320833328125 0.7480156250000001 0.7452291671875 0.74871875 0.7574166671875 0.7585625 0.8540625000000001 0.76490625 0.860625 0.7846093749999999 0.860625 0.7986875 0.860625 0.788125 0.8822083328125 0.7853125000000001 0.9122291671875 0.7909375 0.9450833328125 0.8064218750000001 0.9619583328125 0.8817187499999999 0.9610208328125 0.8901718750000001 0.9394583328125 0.8922812499999999 0.9319375000000001
0 0.5705312499999999 0.4621041671875 0.56796875 0.4381875 0.56796875 0.4176666671875 0.5564218750000001 0.40912499999999996 0.5410468749999999 0.4074166671875 0.51925 0.41254166718749996 0.5064375 0.4279166671875 0.51284375 0.4911666671875 0.53078125 0.5014166671875 0.551296875 0.49800000000000005 0.555140625 0.4962916671875 0.5666875 0.48091666718750004 0.5705312499999999 0.4621041671875