26 0.9640000000000001 0.9509375 0.9577500000000001 0.8805156249999999 0.8888958328125 0.774875 0.7323958328125 0.73028125 0.6197083328125 0.742015625 0.5665 0.777234375 0.5164375 0.840609375 0.5007916671875 0.8899062499999999 0.5132916671875 0.93215625 0.5195624999999999 0.98615625 0.8607291671875 0.9884999999999999 0.9483541671875001 0.98615625 0.9640000000000001 0.9509375
26 0.29025 0.99125 0.34129166718750004 0.9881875000000001 0.382125 0.973640625 0.4178333328125 0.9545 0.46683333281249995 0.9154687499999999 0.4862291671875 0.8825468750000001 0.49133333281249997 0.8213125 0.4882708328125 0.780734375 0.47908333281250004 0.753984375 0.4402916671875 0.721828125 0.3913125 0.699640625 0.3382291671875 0.682796875 0.2933125 0.6774375 0.23820833281249998 0.678203125 0.1616458328125 0.708046875 0.12593749999999998 0.7310156250000001 0.0963333328125 0.76240625 0.0810208328125 0.79109375 0.073875 0.8285937499999999 0.0708125 0.8645781250000001 0.0789791671875 0.887546875 0.0993958328125 0.9242812499999999 0.1218541671875 0.9418906249999999 0.1187916671875 0.9414843749999999 0.15247916718750001 0.9621562499999999 0.1779791671875 0.9759375 0.2249375 0.98971875 0.29025 0.99125
26 0.5423125 0.7168593750000001 0.5483125 0.741578125 0.5662916671875 0.764046875 0.6142291671875 0.737078125 0.6831458328125 0.72359375 0.7490625 0.7190937500000001 0.8029999999999999 0.72584375 0.8389583328124999 0.6853906249999999 0.8689166671875 0.613484375 0.8359583328125 0.559546875 0.7670416671875 0.52584375 0.701125 0.501125 0.6202291671875 0.49437499999999995 0.5273333328125 0.52584375 0.4913958328125 0.57528125 0.46741666718749997 0.62696875 0.4853958328125 0.67865625 0.4883958328125 0.67415625 0.497375 0.6809062499999999 0.5423125 0.7168593750000001
26 1 0.28859375 0.9822708328124999 0.28009375 0.9369166671875 0.28328125000000004 0.9355 0.29284374999999996 0.8504583328124999 0.30879687499999997 0.7895 0.3406875 0.7654166671875 0.40765624999999994 0.764 0.450171875 0.7937708328124999 0.48206249999999995 0.8419583328125 0.54053125 0.8972291671875 0.55009375 0.9964375000000001 0.5001249999999999 1 0.49056249999999996 1 0.326859375 1 0.28859375
0 0 0.584640625 0.03125 0.623703125 0.0763958328125 0.670578125 0.1666666671875 0.704421875 0.25 0.68359375 0.34722916718749997 0.67578125 0.3993125 0.654953125 0.4618125 0.610671875 0.5243125 0.51953125 0.5173541671875 0.430984375 0.4652708328125 0.36328125 0.34722916718749997 0.31901562499999997 0.22916666718749998 0.31379687500000003 0.125 0.36328125 0.045145832812499995 0.428390625 0 0.490890625 0 0.584640625
0 1 0.00390625 0.6180625 0.0012968749999999999 0.6006875 0.045578125000000004 0.5486041671875 0.069015625 0.5208333328125 0.13671875 0.5277708328124999 0.194015625 0.5381875 0.22785937500000003 0.5902708328124999 0.23046875 0.6354166671875 0.26171875 0.6909791671875001 0.29296875 0.7673541671875 0.31379687500000003 0.7916666671875 0.31901562499999997 0.8888958328125 0.30339062499999997 1 0.24089062499999997 1 0.00390625
26 0.3845208328125 0.32790625 0.4183333328125 0.280921875 0.4422083328125 0.244375 0.4720416671875 0.242875 0.5416458328125 0.22423437499999999 0.5068541671875 0.15634375 0.43425 0.114578125 0.35070833281249997 0.11756249999999999 0.2900416671875 0.13248437500000002 0.2452708328125 0.183203125 0.2432916671875 0.18842187500000002 0.23733333281250002 0.213046875 0.2870416671875 0.26973437499999997 0.3019791671875 0.31 0.3845208328125 0.32790625
26 0.45822916718749995 0.366203125 0.4717708328125 0.38215625000000003 0.4891875 0.39521875 0.5007916671875 0.41553125 0.5298125 0.47503124999999996 0.5897916671875 0.48228125000000005 0.6381666671875 0.466328125 0.7116875 0.40828125000000004 0.7213541671875 0.372 0.7232916671875 0.32846875 0.6865208328125 0.292203125 0.6226875 0.24721875 0.5897916671875 0.23415625 0.5665833328125001 0.23125 0.49887499999999996 0.23560937499999998 0.4737083328125 0.24285937500000002 0.44662499999999994 0.25012500000000004 0.4330833328125 0.258828125 0.4253541671875 0.271890625 0.4214791671875 0.282046875 0.4118125 0.302359375 0.39827083281250003 0.325578125 0.3866458328125 0.33428125 0.4214791671875 0.350234375 0.45822916718749995 0.366203125
26 0.0460416671875 0.43543750000000003 0.13327083281250002 0.357984375 0.2026875 0.32328125 0.3059583328125 0.31259375 0.2935 0.28721874999999997 0.2614375 0.232484375 0.1955833328125 0.179078125 0.0727291671875 0.157703125 0 0.16571875 0.0015208328125 0.446109375 0.026458332812500002 0.45546875 0.0460416671875 0.43543750000000003
26 0.09375 0.682296875 0.06597916718749999 0.6328125 0.0208333328125 0.609375 0 0.9010468749999999 0.1180625 0.765625 0.09375 0.682296875
26 0.2344791671875 0.21271874999999998 0.24641666718750002 0.182875 0.2702708328125 0.159015625 0.29175 0.133375 0.3165208328125 0.12998437499999999 0.2861041671875 0.080984375 0.217375 0.041265625 0.1925833328125 0.03365625 0.1463958328125 0.034499999999999996 0.0979583328125 0.05815625 0.0787916671875 0.088578125 0.0754166671875 0.13084374999999998 0.0821666671875 0.15871875 0.1320416671875 0.16796875 0.1956875 0.180640625 0.2344791671875 0.21271874999999998