6 0.66338 0.23556575 0.66206 0.21275229375000002 0.65636 0.21275229375000002 0.65636 0.23155963281249997 0.6533 0.2429663609375 0.65416 0.278532109375 0.6567999999999999 0.2792048921875 0.66426 0.2792048921875 0.66602 0.2409480125 0.66338 0.23556575
6 0.67896 0.28302752343750004 0.70038 0.2811620796875 0.6967399999999999 0.20954128437500003 0.6935 0.190397553125 0.6923 0.18235474062499998 0.69068 0.18235474062499998 0.68704 0.18174311875 0.67614 0.20275229375 0.67694 0.2348623859375 0.67896 0.28302752343750004
6 0.6990999999999999 0.2864831796875 0.7188399999999999 0.2864831796875 0.7188399999999999 0.1938226296875 0.70896 0.1938226296875 0.70192 0.20675840937499998 0.70052 0.213211009375 0.6990999999999999 0.2864831796875
6 0.72812 0.2801529046875 0.74226 0.28262996875 0.74226 0.2628746171875 0.74146 0.2461773703125 0.7398399999999999 0.2381651375 0.73944 0.22828746249999998 0.74104 0.2078899078125 0.7398399999999999 0.198623853125 0.7362 0.19183486249999998 0.73458 0.185045871875 0.73378 0.1757798171875 0.72852 0.1751681953125 0.72852 0.1770336390625 0.7277199999999999 0.18691131562500002 0.72448 0.19553516875000002 0.72086 0.20727828750000002 0.71964 0.2233333328125 0.72126 0.233211009375 0.71924 0.2406422015625 0.71964 0.277675840625 0.7188399999999999 0.2764526 0.72004 0.281376146875 0.72812 0.2801529046875
6 0.76344 0.2816819578125 0.7588 0.1979816515625 0.7513799999999999 0.1809480125 0.74394 0.189449540625 0.74024 0.21214067343749998 0.74394 0.2774311921875 0.74116 0.24620795156250003 0.74394 0.283088684375 0.76344 0.2816819578125
6 0.78662 0.2862385328125 0.78416 0.2666055046875 0.78416 0.2516207953125 0.7854 0.20669724843749998 0.78172 0.1917125375 0.7811 0.18048929687499998 0.7756000000000001 0.1711009171875 0.76458 0.1711009171875 0.7694799999999999 0.1907645265625 0.76152 0.20293577968749998 0.75968 0.21510703437499998 0.7609 0.2497553515625 0.76396 0.2703363921875 0.76214 0.271284403125 0.76642 0.28155963281249996 0.78662 0.2862385328125
6 0.7752600000000001 0.424954128125 0.77224 0.42033639218749996 0.76996 0.42033639218749996 0.76922 0.42266054999999997 0.7669400000000001 0.42611620781250004 0.7639199999999999 0.4411314984375 0.76166 0.4515290515625 0.76166 0.463088684375 0.76166 0.47577981718749995 0.7639199999999999 0.47923547343750006 0.77374 0.47810397499999996 0.7745 0.46654434218749996 0.77676 0.44574923593750004 0.7752600000000001 0.4434556578125 0.77676 0.442293578125 0.776 0.431896025 0.7752600000000001 0.424954128125
6 0.80264 0.2828746171875 0.80212 0.21486238593749998 0.79694 0.189571865625 0.78918 0.189571865625 0.78608 0.202201834375 0.784 0.2488685015625 0.7881400000000001 0.281314984375 0.80264 0.2828746171875
6 0.78694 0.4281651375 0.7783599999999999 0.4310703359375 0.77882 0.4770336390625 0.79028 0.48140672812499996 0.78884 0.45003058124999995 0.78694 0.4281651375
6 0.80138 0.4766666671875 0.8015599999999999 0.47749235468749995 0.8106199999999999 0.4791743125 0.8137000000000001 0.47862385312500005 0.8147800000000001 0.4535474 0.8142400000000001 0.44522935781250006 0.8123400000000001 0.43831804218750003 0.8117000000000001 0.43333333281249997 0.81206 0.4291743125 0.81052 0.42807339375 0.80246 0.43 0.80318 0.4338837921875 0.8021 0.4398470953125 0.80138 0.45908256875 0.80138 0.4766666671875
2 0.48166000000000003 0.9294189609375 0.49858 0.8705810390625001 0.4878 0.8611620796875 0.45396000000000003 0.8611620796875 0.4201 0.8823547406250001 0.36469999999999997 0.9270642203125 0.30314 0.9764831796875001 0.42164 0.9882263 0.44934 0.9670642203125001 0.48166000000000003 0.9294189609375
2 0.3447 0.8863302750000001 0.35086 0.8675229359375001 0.36932 0.848685015625 0.38624 0.8251681953125001 0.4001 0.8110397546874999 0.41547999999999996 0.7851681953125 0.42164 0.7475229359375 0.41856 0.7310397546875 0.41547999999999996 0.726330275 0.39702000000000004 0.7310397546875 0.37086 0.7428134562500001 0.34624 0.7569418953125 0.33238 0.7710397546875 0.3093 0.79458715625 0.29546 0.8322324156249999 0.28622000000000003 0.8557492359375001 0.27698 0.8839755359374999 0.27084 0.912232415625 0.26467999999999997 0.94281345625 0.26314000000000004 0.9616207953125 0.26314000000000004 0.980458715625 0.32316 0.9616207953125 0.317 0.9592660546875 0.31545999999999996 0.9475229359374999 0.32776 0.9239755359374999 0.3447 0.8863302750000001
2 0.4591 0.7602752296874999 0.5004 0.7774923546875 0.5332399999999999 0.783241590625 0.5764199999999999 0.783241590625 0.61678 0.78180428125 0.63086 0.755993884375 0.6365000000000001 0.728715596875 0.63368 0.717217125 0.62242 0.7028746171875 0.61022 0.7028746171875 0.5295 0.6971253828124999 0.48162000000000005 0.6784709484375 0.44878 0.6569418953125 0.41028000000000003 0.654067278125 0.4056 0.66269113125 0.40184 0.671314984375 0.40747999999999995 0.698562690625 0.42248 0.7272782875 0.4591 0.7602752296874999
2 0.7293999999999999 0.9878287468750001 0.8309599999999999 0.9878287468750001 0.84482 0.9831498468750001 0.8217399999999999 0.9384403671875001 0.75248 0.867828746875 0.72016 0.851376146875 0.6601600000000001 0.8184403671875 0.5863 0.7972477062500001 0.5539799999999999 0.811376146875 0.54782 0.8419571859375001 0.59706 0.8984403671875001 0.7293999999999999 0.9878287468750001
2 0.5984200000000001 0.7852293578125 0.585 0.7870948015625 0.58418 0.7920795109375 0.5915 0.8007951078125 0.60004 0.8063914375 0.61184 0.809480121875 0.62932 0.8150764531249999 0.6582 0.821314984375 0.66186 0.8206727828125 0.66144 0.807614678125 0.6582 0.7970642203125 0.64802 0.78088685 0.6309400000000001 0.75724770625 0.61712 0.7802752296875 0.60818 0.7852293578125 0.5984200000000001 0.7852293578125
0 0.50012 0.9011620796875001 0.48934 0.9341284406250001 0.48625999999999997 0.9741284406249999 0.48625999999999997 0.9835168203125001 0.5924400000000001 0.9882263 0.5924400000000001 0.9811620796874999 0.58168 0.9317736999999999 0.55706 0.8894189609375 0.53244 0.8917737000000001 0.50012 0.9011620796875001
0 0.48206 0.825840978125 0.49261999999999995 0.81452599375 0.49474 0.803241590625 0.49368 0.782232415625 0.48734 0.7660856265625 0.47468000000000005 0.759633028125 0.45355999999999996 0.7451070343749999 0.43982 0.7370336390625 0.4335 0.7402752296874999 0.42716000000000004 0.7515596328124999 0.42081999999999997 0.767706421875 0.41554 0.796758409375 0.42610000000000003 0.8129051984375 0.45038 0.853272171875 0.45777999999999996 0.8451987765625001 0.47468000000000005 0.8339143734375 0.48206 0.825840978125
0 0.43617999999999996 0.881896025 0.43864000000000003 0.8755963296875 0.43864000000000003 0.8630275234375 0.43206 0.8152293578125 0.40327999999999997 0.7988685015625 0.38024 0.8172782875 0.3679 0.8374006109375 0.34158 0.8864831796875 0.35556 0.9329969421875 0.36541999999999997 0.9309480125 0.39752 0.9032721718750001 0.43617999999999996 0.881896025
0 0.73556 0.8591743125000001 0.7323999999999999 0.8414373093749999 0.7176199999999999 0.817217125 0.68172 0.80266055 0.66272 0.8155963296875001 0.69862 0.8462691124999999 0.73556 0.8624159015625 0.73556 0.8591743125000001
28 0.97 0.9975229359375 0.96526 0.985443425 0.9676199999999999 0.9649235468749999 0.96684 0.9407951078125001 0.9747199999999999 0.9311314984375001 0.9747199999999999 0.9021712531249999 0.9810399999999999 0.8888990828125 0.98262 0.876819571875 0.9771000000000001 0.858715596875 0.9810399999999999 0.8237308875 0.9976200000000001 0.8249235468749999 0.9992000000000001 0.7380122328125001 0.9992000000000001 0.7078593265625 1 0.5014678906250001 0.9999800000000001 0.42058103906250005 0.98894 0.397675840625 0.9660399999999999 0.37834862343750003 0.9423600000000001 0.3662691125 0.9218400000000001 0.361467890625 0.9218400000000001 0.35180428125 0.9179 0.3433639140625 0.91236 0.3421406734375 0.9044800000000001 0.31920489218750003 0.91236 0.29266055 0.90922 0.2866360859375 0.9099999999999999 0.2733333328125 0.90922 0.257645259375 0.9060600000000001 0.2371253828125 0.89184 0.20816513749999999 0.8776400000000001 0.1997247703125 0.8594799999999999 0.19730886875 0.8460599999999999 0.20214067343750003 0.8302799999999999 0.20816513749999999 0.8184400000000001 0.22507645312500002 0.80108 0.2552293578125 0.8018599999999999 0.2769724765625 0.8058 0.2938532109375 0.8129200000000001 0.309541284375 0.8176399999999999 0.3228440359375 0.8176399999999999 0.3457492359375 0.82318 0.3481651375 0.82948 0.3711009171875 0.8468600000000001 0.3855963296875 0.8579000000000001 0.386788990625 0.8594799999999999 0.394036696875 0.84528 0.42299694218750006 0.8555400000000001 0.44351682031250006 0.8469599999999999 0.4921100921875 0.8440200000000001 0.521406728125 0.8469599999999999 0.5506727828125 0.84548 0.620489296875 0.8440200000000001 0.6452599390625 0.84106 0.68807339375 0.83518 0.7083486234375 0.8440200000000001 0.733119265625 0.8337 0.7578899078125 0.82928 0.8006727828125 0.81898 0.9065443421875001 0.8263400000000001 0.9448318046875 0.85396 0.9999388375 0.8728999999999999 0.9999388375 0.97 0.9975229359375
28 0.65988 0.4269724765625 0.6554599999999999 0.43819571875 0.66134 0.44944954062500003 0.66282 0.46516819531250003 0.6687000000000001 0.46966360781249994 0.6584 0.48538226250000005 0.62314 0.5056269109375 0.5687599999999999 0.4674006109375 0.55406 0.44718654375 0.5518 0.4380122328125 0.5393399999999999 0.44174311875 0.5436799999999999 0.451284403125 0.5398799999999999 0.46039755312499997 0.53772 0.4529357796875 0.52688 0.44547400625 0.52742 0.4529357796875 0.5523399999999999 0.4703363921875 0.61192 0.53990825625 0.6411800000000001 0.533272171875 0.6460600000000001 0.5374006109375 0.6417200000000001 0.5465137609374999 0.63846 0.5647400609375001 0.64226 0.5821406734375 0.63197 0.5842048921874999 0.6206 0.5829663609375 0.6168 0.599541284375 0.6141 0.6036697249999999 0.62004 0.6160856265625 0.639 0.628532109375 0.63576 0.6442507640625 0.6493 0.6434250765625 0.66664 0.6782263000000001 0.68506 0.6955963296875 0.6693399999999999 0.7038837921875001 0.66772 0.7080428140625 0.67096 0.7113455656250001 0.67314 0.7022324156249999 0.6785599999999999 0.7038837921875001 0.68018 0.7105198781250001 0.6823400000000001 0.70718654375 0.68396 0.7105198781250001 0.6915600000000001 0.7129969421875 0.722025 0.7322629968750001 0.733613334375 0.7539194703125001 0.73704 0.78762996875 0.72896 0.8269724765625 0.7333700000000001 0.8112385328125 0.738753334375 0.8044852203125 0.7407199999999999 0.83819571875 0.7421800000000001 0.83819571875 0.7321799999999999 0.738685015625 0.7186600000000001 0.6696636078125 0.7348399999999999 0.671896025 0.73778 0.64718654375 0.73924 0.591009175 0.7348399999999999 0.5460550453125 0.72896 0.5236085625 0.72748 0.5056269109375 0.7319 0.487645259375 0.73336 0.46293577968750005 0.7319 0.435963303125 0.73336 0.4179816515625 0.7319 0.4 0.72748 0.37752293593749997 0.7157199999999999 0.3730275234375 0.7054400000000001 0.350550459375 0.69516 0.3483180421875 0.68046 0.355045871875 0.6687000000000001 0.3752905203125 0.66282 0.38201834843750004 0.6584 0.40449541250000004 0.65988 0.4269724765625
28 0.1793 0.759541284375 0.27336 0.8988685015625 0.29100000000000004 0.84718654375 0.25278 0.8134862390625001 0.21752 0.721345565625 0.194 0.631467890625 0.1984 0.5820183484375 0.23220000000000002 0.555045871875 0.27042 0.474159021875 0.28512 0.4 0.23956 0.31911315 0.17636000000000002 0.2988685015625 0.14550000000000002 0.3438226296875 0.11757999999999999 0.3752905203125 0.10876 0.41122324218750006 0.06172 0.431467890625 0 0.46966360781249994 0.00146 0.8988685015625 0.02204 0.9707951078124999 0.11610000000000001 0.9618042812500001 0.1117 0.9820183484375 0.15726 0.9865137609374999 0.16166 0.9730275234375 0.17636000000000002 0.8337003062499999 0.1793 0.759541284375
28 0.31494 0.4936975265625 0.31106 0.50192660625 0.31688 0.5091993328125 0.31106 0.5182263 0.31882 0.5247011406250001 0.32368 0.5374923546875 0.32076 0.5402029484375 0.29944000000000004 0.5389908250000001 0.3227 0.5557047546875 0.33433999999999997 0.648715596875 0.34306000000000003 0.6887461781249999 0.36828 0.6813149843749999 0.37216 0.6575840984375 0.39413333437500003 0.6546279296875 0.39493999999999996 0.6420336390625 0.40512 0.653149846875 0.39154 0.6071865437499999 0.36828 0.6057186546875 0.37798 0.5701223234375 0.36712 0.5635963296875001 0.375066665625 0.5518348625 0.36924 0.5152599390625 0.35276 0.49896024531250005 0.36147999999999997 0.47819571875 0.36536 0.4292660546875 0.36634 0.3848012234375 0.33336 0.3685015296875 0.313 0.3966666671875 0.32368 0.45449541250000003 0.31106 0.4796941890625 0.31106 0.4856269109375 0.31494 0.4936975265625
28 0.1785 0.7675535171875 0.18801 0.7753822625 0.17118 0.7899388375 0.16386 0.870458715625 0.16386 0.93085626875 0.17118 0.982324159375 0.17996 0.9811009171875 0.1876123078125 0.9709480125000001 0.19044666562499998 0.979811415625 0.24287999999999998 0.9733639140625 0.27068 0.9442813453125 0.27214 0.9040061156249999 0.264135384375 0.8694189609375 0.27944 0.84911315 0.27183199999999996 0.8374801218749999 0.30432000000000003 0.79541284375 0.30872 0.73724770625 0.33652000000000004 0.6074923546875 0.36284 0.618685015625 0.41552 0.6298776765625 0.41552 0.5694801218750001 0.43454 0.502354740625 0.43014 0.46654434218749996 0.39649999999999996 0.4688073390625 0.39504 0.4889296640625 0.36724 0.560519878125 0.35992 0.5582874624999999 0.3292 0.53813455625 0.30724 0.533669725 0.31018 0.473272171875 0.30724 0.424036696875 0.29554 0.40168195781250005 0.26627999999999996 0.41510703437499996 0.26627999999999996 0.4688073390625 0.25017999999999996 0.5045871562500001 0.23410000000000003 0.5493272171875 0.21067999999999998 0.5761773703124999 0.18728 0.5851376140625 0.19019999999999998 0.6388073390625 0.2063 0.701467890625 0.22385000000000002 0.7462079515625 0.1785 0.7675535171875
6 0.8013 0.4529663609375 0.8013 0.4297859328125 0.78964 0.42801223281249995 0.78818 0.44718654375 0.7910999999999999 0.47749235468749995 0.79168 0.4779510703125 0.8009999999999999 0.47749235468749995 0.8013 0.4529663609375
6 0.666 0.2783792046875 0.67466 0.282201834375 0.67946 0.280458715625 0.6758 0.21192660624999998 0.67562 0.21103975468749997 0.67024 0.21103975468749997 0.67004 0.23428134531249997 0.6662 0.244556575 0.666 0.2783792046875
0 0.60434 0.8984403671875001 0.5958 0.8939143734374999 0.58592 0.8878899078125 0.5856 0.8868807343749999 0.5806600000000001 0.8823547406250001 0.58034 0.8823547406250001 0.5708 0.87733945 0.5675 0.8707951078124999 0.56028 0.8652599390625 0.55172 0.8853822625 0.55304 0.88990825625 0.56586 0.8989602453125001 0.57968 0.9150458718750001 0.58592 0.9311314984375001 0.5948 0.929633028125 0.61486 0.9074923546875 0.6145400000000001 0.904984709375 0.61158 0.9029663609374999 0.60434 0.8984403671875001
0 0.49901999999999996 0.900458715625 0.5230400000000001 0.8884709484375 0.51962 0.870458715625 0.5005 0.8404587156250001 0.47203999999999996 0.835963303125 0.45194 0.847217125 0.44704 0.8562079515625 0.44654 0.8592048921875 0.44116 0.8734556578125 0.45978 0.8622324156250001 0.47548 0.8629663609374999 0.49558 0.8629663609374999 0.49558 0.8674617734375 0.49264 0.9079510703125001 0.49901999999999996 0.900458715625
6 0.7407600000000001 0.37844036718749996 0.73864 0.37097859375 0.73778 0.355076453125 0.7312000000000001 0.3570336390625 0.731 0.3661162078125 0.72972 0.3739143734375 0.7346 0.4057186546875 0.7407600000000001 0.4034556578125 0.7407600000000001 0.37844036718749996