31 0.8098593749999999 0.7317594656249999 0.8177031250000001 0.71610245 0.8899062499999999 0.72728285 0.911875 0.7630734968749999 0.93228125 0.7854565703125 0.95425 0.7205790640624999 0.973078125 0.71610245 0.9934843750000001 0.26195991093750004 0.965234375 0.255256125 0.845953125 0.2485300671875 0.789453125 0.257483296875 0.7831718750000001 0.27761692656250003 0.76590625 0.7742761687499999 0.7847500000000001 0.7765033406249999 0.79103125 0.7474164812499999 0.8098593749999999 0.7317594656249999
13 0.854828125 0.9515812921875 0.8880156250000001 0.84122494375 0.8911718750000001 0.7984187078125 0.8880156250000001 0.780400890625 0.8643124999999999 0.782650334375 0.77109375 0.8254565703125 0.761609375 0.8209354125000001 0.728421875 0.791670378125 0.644671875 0.7421158125 0.55778125 0.7533852999999999 0.489828125 0.7871714921875 0.4771875 0.84572383125 0.5309062499999999 0.944810690625 0.5309062499999999 0.9898663703125001 0.53565625 0.9876169265625 0.8485156249999999 0.9876169265625 0.854828125 0.9515812921875
7 0.47270312499999995 0.5389309578125 0.47540625 0.5453452109375 0.48757812500000003 0.550489978125 0.509203125 0.5498440984374999 0.527234375 0.540868596875 0.5299375000000001 0.5312249437500001 0.5321875 0.516436525 0.53715625 0.5087305125 0.53534375 0.49973273906250004 0.522734375 0.49267260625000003 0.490734375 0.4920267265625 0.46773437500000004 0.49781737187499997 0.4614375 0.506169265625 0.46053125 0.507461025 0.46414062500000003 0.517728284375 0.47270312499999995 0.5389309578125
33 0.6113125 0.502538975 0.6653749999999999 0.5114922046875 0.671046875 0.5178841875 0.699421875 0.49870824062499997 0.711375 0.48253897500000004 0.71346875 0.46592427656249996 0.737359375 0.44761692656249996 0.734671875 0.388619153125 0.72421875 0.3737193765625 0.641484375 0.36819599062499997 0.6346093749999999 0.3698886421875 0.6364062500000001 0.42694877499999995 0.635203125 0.4288418703125 0.58890625 0.453118040625 0.58503125 0.46461024531249995 0.590109375 0.49398663750000005 0.6113125 0.502538975
0 0.9684062499999999 0.1899109125 0.96190625 0.1880178171875 0.9578906249999999 0.190400890625 0.95121875 0.195144765625 0.9470468750000001 0.2010913140625 0.945546875 0.20679287343750002 0.9457187499999999 0.2110913140625 0.94821875 0.2141870828125 0.9567343749999999 0.21489977656249998 0.9670781249999999 0.21037861875 0.97140625 0.20013362968749998 0.9727499999999999 0.1906236078125 0.9684062499999999 0.1899109125
0 0.961375 0.18532294062500002 0.9587031250000001 0.18080178125 0.9548593750000001 0.178663696875 0.949859375 0.18080178125 0.9431875 0.1867483296875 0.94034375 0.19198218281249999 0.9415156250000001 0.19817371875 0.9463593749999999 0.20269487812500003 0.95053125 0.19554565625 0.961875 0.1877060140625 0.961375 0.18532294062500002
27 0.2528125 0.5427839640625 0.26703125 0.5315367484375 0.26545312499999996 0.4301781734375 0.033187499999999995 0.4797327390625 0.05846875 0.6824276171875 0.074265625 0.6734298437499999 0.2749375 0.59910913125 0.27178125 0.5743207124999999 0.25596874999999997 0.563073496875 0.2528125 0.5427839640625
6 0.400875 0.3902895328125 0.40064062500000003 0.3766592421875 0.398828125 0.373073496875 0.3976875 0.3659465484375 0.393359375 0.36334075781249997 0.389703125 0.3639866375 0.38492187499999997 0.3659465484375 0.38537499999999997 0.37211581250000003 0.38606250000000003 0.3737193765625 0.383328125 0.3789309578125 0.38264062499999996 0.3789309578125 0.382421875 0.400022271875 0.38925 0.39873051249999997 0.39221875 0.392227171875 0.400875 0.3902895328125
6 0.450609375 0.528195990625 0.46540625 0.5273942093749999 0.46482812500000004 0.5136080171875 0.46085937499999996 0.508752784375 0.467109375 0.5014476609375 0.478484375 0.49659242812500004 0.48643749999999997 0.49416481093750003 0.48643749999999997 0.44469933125 0.47962499999999997 0.42525612500000004 0.479046875 0.40824053437499996 0.456875 0.4041870828125 0.444359375 0.41389755 0.44606250000000003 0.42605790624999995 0.438671875 0.4479510015625 0.44037499999999996 0.508752784375 0.450609375 0.528195990625
6 0.42443749999999997 0.3368151453125 0.423390625 0.3211358578125 0.41815625 0.3211358578125 0.41815625 0.3345657015625 0.42443749999999997 0.3368151453125
17 0.5092187499999999 1 0.505765625 0.9070378625 0.48501562500000006 0.8454565703125001 0.47896875000000005 0.8319153671875 0.48415625 0.803563475 0.5023125 0.7851002234375 0.505765625 0.7050334078125 0.5895937499999999 0.6459020046874999 0.5895937499999999 0.7493763921875 0.618109375 0.7456792875 0.61896875 0.5929175953125 0.6423125 0.5571937640625 0.6371249999999999 0.547349665625 0.530828125 0.5190200453125 0.52478125 0.5411804015625 0.515265625 0.5485746109375 0.490203125 0.547349665625 0.470328125 0.5387305125 0.46082812500000003 0.5338084624999999 0.45131249999999995 0.5202449890625 0.43921875000000005 0.495612471875 0.413296875 0.485746103125 0.360578125 0.4993095765625 0.364890625 0.5153229406250001 0.36143749999999997 0.5338084624999999 0.345015625 0.54487750625 0.30353125 0.552271715625 0.277609375 0.5276391984375 0.256 0.5350334078125 0.2508125 0.552271715625 0.27328125000000003 0.5781514484375 0.27156250000000004 0.6446547890625001 0.281921875 0.8528507796874999 0.29489062499999996 0.88732739375 0.29317187499999997 0.8442316265625 0.2914375 0.791247215625 0.306984375 0.774008909375 0.296625 0.636035634375 0.322546875 0.6446547890625001 0.39859374999999997 0.6840757234375 0.40464062500000003 0.788797328125 0.42625 0.7851002234375 0.4219375 0.6951670375 0.470328125 0.722271715625 0.476375 1 0.5092187499999999 1
0 0.9438437499999999 0.20247216093749998 0.9409531250000001 0.195612471875 0.93875 0.192650334375 0.9369687499999999 0.192271715625 0.934765625 0.194432071875 0.9332499999999999 0.1985523390625 0.932703125 0.2071714921875 0.93875 0.2101113578125 0.9457656249999999 0.209131403125 0.945484375 0.2071714921875 0.9460468750000001 0.2036525609375 0.9438437499999999 0.20247216093749998
0 0.925734375 0.20995545624999998 0.929703125 0.20853006718749997 0.9301875000000001 0.204298440625 0.9289531249999999 0.200066815625 0.9247500000000001 0.19654788437499998 0.92053125 0.194432071875 0.916828125 0.1940757234375 0.9098906250000001 0.19654788437499998 0.9054375 0.20325167031250002 0.9047031249999999 0.2071269484375 0.9047031249999999 0.21276169218750002 0.9086562499999999 0.21383073437500003 0.916828125 0.21207126875 0.925734375 0.20995545624999998
0 0.90409375 0.20556792812500002 0.909265625 0.194743875 0.9140937499999999 0.192271715625 0.91928125 0.19080178125 0.923078125 0.19325167031249998 0.9261874999999999 0.194253896875 0.9275625 0.1903118046875 0.92790625 0.1888418703125 0.9275625 0.1844098 0.9261874999999999 0.1814476609375 0.9213437499999999 0.1789977734375 0.9147812500000001 0.18046770625 0.910984375 0.18291759531250001 0.90546875 0.1898218265625 0.902703125 0.19325167031249998 0.8999375000000001 0.1967037859375 0.897875 0.20113585781249999 0.8954531250000001 0.202605790625 0.893734375 0.2040979953125 0.8913125000000001 0.2075278390625 0.892 0.21146993281249998 0.896484375 0.21293986562499997 0.8971875 0.21146993281249998 0.902015625 0.21146993281249998 0.90409375 0.20556792812500002